1.175661596391674610e-05 1.436670334182525252e-05 1.735626265814917523e-05 2.072905964427123606e-05 2.447525842559424312e-05 2.856927822964582865e-05 3.296822372325239412e-05 3.761110788662256477e-05 4.241905621443066790e-05 4.729662751706210553e-05 5.213431179583902469e-05 5.681217459169853143e-05 6.120451751535326273e-05 6.518532601319910970e-05 6.863418843789353800e-05 7.144230550713396601e-05 7.351817491910064405e-05 7.479253800765341348e-05 7.522221577324512954e-05 7.631416580855530961e-05 7.556683588869250636e-05 7.414812450858347898e-05 7.214004691555700769e-05 6.964144736232392237e-05 6.676082954894645301e-05 6.360864193960214733e-05 6.028974119164240907e-05 5.689676426773966953e-05 5.350505933270731639e-05 5.016965974026653434e-05 4.692455017777517114e-05 4.378419796807178545e-05 4.074704358923158403e-05 3.780040417484593256e-05 3.492607984357776446e-05 3.210589180752800389e-05 2.932643314934533702e-05 2.658246839175226799e-05 2.387864896619119092e-05 2.122947806889370642e-05 1.395632645452277532e-05 1.255855185364397296e-05 1.108600311827665019e-05 9.600136750677557224e-06 8.155429395803386074e-06 6.796467347903625219e-06 5.556312033593200451e-06 4.456121349124799120e-06 3.505858477663477740e-06 2.705819001449508733e-06 2.048660969591865698e-06 1.521627800901901003e-06 4.955614124586625824e-06 6.572632231121200356e-06 8.569359110013753029e-06 1.098308928589844946e-05 1.383782538417830346e-05 1.713871822002750267e-05 2.086680663576377838e-05 2.497473020289216880e-05 2.938412613586580580e-05 3.398536311714865497e-05 3.864009718048460273e-05 4.318686370725888755e-05 4.744957018543344735e-05 5.124837038503138943e-05 5.441203866371640722e-05 5.679068361103934792e-05 5.826749607450486875e-05 5.876825227173161159e-05 5.826749607450486875e-05 5.679068361103934792e-05 5.441203866371640722e-05 5.124837038503138943e-05 6.417806976740404723e-05 6.701245690589469875e-05 7.162715002469549033e-05 7.838264389454581871e-05 8.747157299318247304e-05 9.885377407469415130e-05 1.122093932630773992e-04 1.269225555004232912e-04 1.421053072866746575e-04 1.566657258150871014e-04 1.694160304262444289e-04 1.792078608321582894e-04 1.850747406031828357e-04 1.826851732546272552e-04 1.801191264785961929e-04 1.726352286010370831e-04 1.608466713162306843e-04 1.456826365291886570e-04 1.282674819024963659e-04 1.097838372803958156e-04 9.134258662731362761e-05 7.387904387180198589e-05 5.808744685731666725e-05 4.439728077739716374e-05 3.298705284421090116e-05 2.382559319863580781e-05
2.465969630846355078e-05 2.752397598164602974e-05 3.062355012416774480e-05 3.396591248628296926e-05 3.755079834141056229e-05 4.136720935783509662e-05 4.539066080361019916e-05 4.958098445414389890e-05 5.388101139137293333e-05 5.821641063359901620e-05 6.249687418679743299e-05 6.661872362199982298e-05 7.046887899354516312e-05 7.392999225614434557e-05 7.688642008889026431e-05 7.923061028778128766e-05 8.086941408260095920e-05 8.172982198603825248e-05 8.176365578525148360e-05 8.299949188932458316e-05 8.205916130323626567e-05 7.973200120755754737e-05 7.781838343161299088e-05 7.542460050826671719e-05 7.266613018314726038e-05 6.965780176286908223e-05 6.650533974960520008e-05 6.329810546347648280e-05 6.010380476490271808e-05 5.696572504901718423e-05 5.390277244062245145e-05 5.091223618300710137e-05 4.797485970733285517e-05 4.506149996215982846e-05 4.214045693795714378e-05 3.918448838448936739e-05 3.617660312225293959e-05 3.311393741446621398e-05 3.000932632090670446e-05 2.689053272957326926e-05 1.879025952950929757e-05 1.690834973040471927e-05 1.492576692127044922e-05 1.292525376586855398e-05 1.098015551736209877e-05 9.150501442273102729e-06 7.480804169948159999e-06 5.999549875670006961e-06 4.720152604891163100e-06 3.643010318136937749e-06 2.758238095966323065e-06 2.048660969591865698e-06 5.830549092404953862e-06 7.733058693925630510e-06 1.008231628316108862e-05 1.292220089332308238e-05 1.628095291646808771e-05 2.016463256632217724e-05 2.455093101133874945e-05 2.938412613586580580e-05 3.457201986784560961e-05 3.998562500954873171e-05 4.546217237301677922e-05 5.081169006740998483e-05 5.582699569102580811e-05 6.029649038919124992e-05 6.401871789666408114e-05 6.681732283040157894e-05 6.855487288011001068e-05 6.914403973569121923e-05 6.855487288011001068e-05 6.681732283040157894e-05 6.401871789666408114e-05 6.029649038919124992e-05 7.429675665897630119e-05 7.711727767508188929e-05 8.188283150531394346e-05 8.900419715150485560e-05 9.870576081909378577e-05 1.109532037549698934e-04 1.254013230583974985e-04 1.413758160784793505e-04 1.578997346303598272e-04 1.737688722095537481e-04 1.876714393927497368e-04 1.983378042830121065e-04 2.046981878495101009e-04 2.017007840941175117e-04 1.988676387571051301e-04 1.906047455890864625e-04 1.775891231095886550e-04 1.608466713162306843e-04 1.416187817138917361e-04 1.212111835121571732e-04 1.008503920470587558e-04 8.156907761910408758e-05 6.413374095124818293e-05 4.901857214195613744e-05 3.642065913229716425e-05 2.630558760767190107e-05
2.887087992446458700e-05 3.190692066871603786e-05 3.515027272093859944e-05 3.860966032129174800e-05 4.228724967445658906e-05 4.617535061211727179e-05 5.025325930266202613e-05 5.448461701365974450e-05 5.881565574869754856e-05 6.317465287213328343e-05 6.747282561042512586e-05 7.160677029536880974e-05 7.546240308786692137e-05 7.892020488577025216e-05 8.186143085049817666e-05 8.417483135948202692e-05 8.576336006763033272e-05 8.655032516218176986e-05 8.648447481444605561e-05 8.824941285405000732e-05 8.737932676320414615e-05 8.492634547287766095e-05 8.320001054795944087e-05 8.102228282687586286e-05 7.851464321768122619e-05 7.579440331680535419e-05 7.296525088520691368e-05 7.010935180950789278e-05 6.728191438003220293e-05 6.450886957766627532e-05 6.178795988944178611e-05 5.909310305673259981e-05 5.638146662290106594e-05 5.360232166152743702e-05 5.070650172008244350e-05 4.765521987302660220e-05 4.442710892360842768e-05 4.102263065705379568e-05 3.746540254459049669e-05 3.380044560974317119e-05 2.481769410935909720e-05 2.233211578819566727e-05 1.971357113072050879e-05 1.707134453057469311e-05 1.450230852187705003e-05 1.208574822422974476e-05 9.880454779787694968e-06 7.924052000154037622e-06 6.234256813415209311e-06 4.811594835652730177e-06 3.643010318136937749e-06 2.705819001449508733e-06 6.743550145460379348e-06 8.943972214933530729e-06 1.166109818480990942e-05 1.494567807127294162e-05 1.883037440694898423e-05 2.332219636961982900e-05 2.839534180551966719e-05 3.398536311714865497e-05 3.998562500954873171e-05 4.624694228211098505e-05 5.258105784896959607e-05 5.876825227173161159e-05 6.456890062091007968e-05 6.973826994518340970e-05 7.404335810268684946e-05 7.728019436096920545e-05 7.928982599338598608e-05 7.997125001909749053e-05 7.928982599338598608e-05 7.728019436096920545e-05 7.404335810268684946e-05 6.973826994518340970e-05 8.439232239778895431e-05 8.700179352548088212e-05 9.167101080636171604e-05 9.885811749745480751e-05 1.088197695992801264e-04 1.215326915530888974e-04 1.366371247599137441e-04 1.534170264546237954e-04 1.708284888554078261e-04 1.875809066723100281e-04 2.022658437738964041e-04 2.135182637308691994e-04 2.201863276505301433e-04 2.164835659087881268e-04 2.134427775050697605e-04 2.045742915159356687e-04 1.906047455890864625e-04 1.726352286010370831e-04 1.519981144484588520e-04 1.300948300850039664e-04 1.082417829543940634e-04 8.754732843594024917e-05 6.883414458973139468e-05 5.261117521534380891e-05 3.908995295739212675e-05 2.823354125374926714e-05
3.371734872403585662e-05 3.690310057742009258e-05 4.025365823355880044e-05 4.377915461029727081e-05 4.748492775358956392e-05 5.136787846792948721e-05 5.541285742408852752e-05 5.958950235567359477e-05 6.384994851441122478e-05 6.812778749463885503e-05 7.233855286392183650e-05 7.638187427462856294e-05 8.014527905487463895e-05 8.350944979835786465e-05 8.635458793328776848e-05 8.856740545201909379e-05 9.004818532219999833e-05 9.071732556629242313e-05 9.052081590386466022e-05 9.294004395447401357e-05 9.218474793591361239e-05 8.962684323310746994e-05 8.819231313846189564e-05 8.635597654784943019e-05 8.424415076519924984e-05 8.197443354975512259e-05 7.964516994994009428e-05 7.732691001130911695e-05 7.505692219909278673e-05 7.283751925001041459e-05 7.063851005735085806e-05 6.840356726991154795e-05 6.605977093018930088e-05 6.352913835423103380e-05 6.074065782290333172e-05 5.764126417661117528e-05 5.420434831338039467e-05 5.043475859420521221e-05 4.636977007736269279e-05 4.207607944581914024e-05 3.215563319007874483e-05 2.893513476631898442e-05 2.554235535955458802e-05 2.211889188285239306e-05 1.879025952950929757e-05 1.565918594263845698e-05 1.280184525806527367e-05 1.026698565842880745e-05 8.077562501236967409e-06 6.234256813415209311e-06 4.720152604891163100e-06 3.505858477663477740e-06 7.667166364056838033e-06 1.016896463260684658e-05 1.325823606883477928e-05 1.699268155857432748e-05 2.140943718980821477e-05 2.651647213766956533e-05 3.228445031045503984e-05 3.864009718048460273e-05 4.546217237301677922e-05 5.258105784896959607e-05 5.978271228509177327e-05 6.681732283040157894e-05 7.341244482893557576e-05 7.928982599338598608e-05 8.418455153164422695e-05 8.786471428718754144e-05 9.014959090615702023e-05 9.092434474603357198e-05 9.014959090615702023e-05 8.786471428718754144e-05 8.418455153164422695e-05 7.928982599338598608e-05 9.409523039479404920e-05 9.627481438199660601e-05 1.005672510946438306e-04 1.074729764891674971e-04 1.172803412130314236e-04 1.299826838077982303e-04 1.452186153254520949e-04 1.622510342208545865e-04 1.799968114048392084e-04 1.971118080371705170e-04 2.121258748259398992e-04 2.236117421376766139e-04 2.303628869821576855e-04 2.258683300299941371e-04 2.226957206181008576e-04 2.134427775050697605e-04 1.988676387571051301e-04 1.801191264785961929e-04 1.585873742150309971e-04 1.357345620831850212e-04 1.129341650149970686e-04 9.134258662731362761e-05 7.181816884001463765e-05 5.489191864019790781e-05 4.078453880955205057e-05 2.945749155159502707e-05
3.925486945040538992e-05 4.256489044650556004e-05 4.598110179180853565e-05 4.951523868542373702e-05 5.317662832604110620e-05 5.696818170790456272e-05 6.088226983461494962e-05 6.489695481641427123e-05 6.897305754649524353e-05 7.305249748072687875e-05 7.705823842839733923e-05 8.089602658355265314e-05 8.445792906672033385e-05 8.762749320310047761e-05 9.028617062297659935e-05 9.232050691736082694e-05 9.362950406398058581e-05 9.413153017951892310e-05 9.377018301225121925e-05 9.697472727477989256e-05 9.638144676645965406e-05 9.373974218314994424e-05 9.270959734541431264e-05 9.134972902882001469e-05 8.978996008273797819e-05 8.814575021077374279e-05 8.650650529435362863e-05 8.492639168464044379e-05 8.341890133001910455e-05 8.195604031962778991e-05 8.047247477851710397e-05 7.887432998411482551e-05 7.705169389680820863e-05 7.489332989460223899e-05 7.230175267981343910e-05 6.920673542263060425e-05 6.557552033841029338e-05 6.141847217799931006e-05 5.678956886347205597e-05 5.178185527613046729e-05 4.087141693421489092e-05 3.677800247599552952e-05 3.246561027771437867e-05 2.811421709294191235e-05 2.388335900565105170e-05 1.990360798460165476e-05 1.627178516363734430e-05 1.304985191934331257e-05 1.026698565842880745e-05 7.924052000154037622e-06 5.999549875670006961e-06 4.456121349124799120e-06 8.569359110013753029e-06 1.136554309325419480e-05 1.481832800339376286e-05 1.899220436903148771e-05 2.392867806844815304e-05 2.963665600678752911e-05 3.608335012484323475e-05 4.318686370725888755e-05 5.081169006740998483e-05 5.876825227173161159e-05 6.681732283040157894e-05 7.467969350288988816e-05 8.205086116722185843e-05 8.861983168815851415e-05 9.409051784398836827e-05 9.820372404535505201e-05 1.007574612854667039e-04 1.016233801348199426e-04 1.007574612854667039e-04 9.820372404535505201e-05 9.409051784398836827e-05 8.861983168815851415e-05 1.030283016998137898e-04 1.045568478782157097e-04 1.081828939621184852e-04 1.144421824262568260e-04 1.236530083320043201e-04 1.358307521702618176e-04 1.506264189564759340e-04 1.673049451862502948e-04 1.847753493846788272e-04 2.016773776236587294e-04 2.165191120975112644e-04 2.278491090020423300e-04 2.344376891400078817e-04 2.290861376632653986e-04 2.258683300299941371e-04 2.164835659087881268e-04 2.017007840941175117e-04 1.826851732546272552e-04 1.608466713162306843e-04 1.376682891794627623e-04 1.145430688316326993e-04 9.264388846300294358e-05 7.284131826459434205e-05 5.567393015452521440e-05 4.136557113171690622e-05 2.987715437532582498e-05
4.552422140922865858e-05 4.893049219952092817e-05 5.236704617461874340e-05 5.584742567619680170e-05 5.938582099221019776e-05 6.299267385618104230e-05 6.666998443471619388e-05 7.040684657006300996e-05 7.417575801113038627e-05 7.793020942272306734e-05 8.160394996748396019e-05 8.511216850457889601e-05 8.835463545989701148e-05 9.122064365499121461e-05 9.359539125435779763e-05 9.536728963358990846e-05 9.643557220206385545e-05 9.671753916111847733e-05 9.615480186809929268e-05 1.002742965777783229e-04 9.989029275303013152e-05 9.718367302109341287e-05 9.667351610454968231e-05 9.592891132528833865e-05 9.508173316848952212e-05 9.424274474195581844e-05 9.348867781834561031e-05 9.285241138387184429e-05 9.231769712226918956e-05 9.181943273312537072e-05 9.124983633624704873e-05 9.047010681633139387e-05 8.932637860777900346e-05 8.766812322622772593e-05 8.536673304101449473e-05 8.233193042769388324e-05 7.852390827562442347e-05 7.395969250109410789e-05 6.871303016245611456e-05 6.290801150387206160e-05 5.096233426995545619e-05 4.585827936867776855e-05 4.048118238508934544e-05 3.505545529617258517e-05 2.978002272576998902e-05 2.481769410935909720e-05 2.028919516083612219e-05 1.627178516363734430e-05 1.280184525806527367e-05 9.880454779787694968e-06 7.480804169948159999e-06 5.556312033593200451e-06 9.415187203474493810e-06 1.248736510144608610e-05 1.628095291646808771e-05 2.086680663576377838e-05 2.629052892448480142e-05 3.256190583293616864e-05 3.964491299669299304e-05 4.744957018543344735e-05 5.582699569102580811e-05 6.456890062091007968e-05 7.341244482893557576e-05 8.205086116722185843e-05 9.014959090615702023e-05 9.736694361535217239e-05 1.033776071465846591e-04 1.078968023273660560e-04 1.107026030734264006e-04 1.116539913820516162e-04 1.107026030734264006e-04 1.078968023273660560e-04 1.033776071465846591e-04 9.736694361535217239e-05 1.108323764720154937e-04 1.115083527188168855e-04 1.141969836384876263e-04 1.194608192611079943e-04 1.276451645310404729e-04 1.387921568127470817e-04 1.525790780116900345e-04 1.682964679161212034e-04 1.848779031395157951e-04 2.009859331143599645e-04 2.151485916735732483e-04 2.259301426065158703e-04 2.321109078215753446e-04 2.258683300299941371e-04 2.226957206181008576e-04 2.134427775050697605e-04 1.988676387571051301e-04 1.801191264785961929e-04 1.585873742150309971e-04 1.357345620831850212e-04 1.129341650149970686e-04 9.134258662731362761e-05 7.181816884001463765e-05 5.489191864019790781e-05 4.078453880955205057e-05 2.945749155159502707e-05
5.254367556405055732e-05 5.601652019186810358e-05 5.942581186684598935e-05 6.278710990064746830e-05 6.612037089277505335e-05 6.944514146760288756e-05 7.277523644476470769e-05 7.611348602277974223e-05 7.944717039573257172e-05 8.274472190272160767e-05 8.595416504116482753e-05 8.900359471944536342e-05 9.180378236834314039e-05 9.425277287637950484e-05 9.624211979862359466e-05 9.766422745377383865e-05 9.842014707954870457e-05 9.842712346326012128e-05 9.762521281930883503e-05 1.027788547990559037e-04 1.026481965278983088e-04 9.989051719161258307e-05 1.000126935215796731e-04 1.000183586218266016e-04 1.000399098826042335e-04 1.001808355629505147e-04 1.005015080191853455e-04 1.010087430001730980e-04 1.016507955032647465e-04 1.023189325361066219e-04 1.028559540433052032e-04 1.030711195703069329e-04 1.027600150929379929e-04 1.017271159881757259e-04 9.980831215422803415e-05 9.689056254050296515e-05 9.292617585143261567e-05 8.793993131190407336e-05 8.202824443950065836e-05 7.535068199745163786e-05 6.233700316767723060e-05 5.609373564261562351e-05 4.951648370742572854e-05 4.287974754582974291e-05 3.642685127325989757e-05 3.035694299469367228e-05 2.481769410935909720e-05 1.990360798460165476e-05 1.565918594263845698e-05 1.208574822422974476e-05 9.150501442273102729e-06 6.796467347903625219e-06 1.016896463260684658e-05 1.348710029092075870e-05 1.758440175587844628e-05 2.253739772653925506e-05 2.839534180551966719e-05 3.516880351175689256e-05 4.281887437961642953e-05 5.124837038503138943e-05 6.029649038919124992e-05 6.973826994518340970e-05 7.928982599338598608e-05 8.861983168815851415e-05 9.736694361535217239e-05 1.051621156979391921e-04 1.116539913820516162e-04 1.165349921490097375e-04 1.195654245701835330e-04 1.205929807783824592e-04 1.195654245701835330e-04 1.165349921490097375e-04 1.116539913820516162e-04 1.051621156979391921e-04 1.171903653922310470e-04 1.168533729419077847e-04 1.183797789507781196e-04 1.223494451605272051e-04 1.291306349789226378e-04 1.387956988209716454e-04 1.510606573340104997e-04 1.652636335967608522e-04 1.803934562539784921e-04 1.951726263275763585e-04 2.081891473449649325e-04 2.180613918068564341e-04 2.236117421376766139e-04 2.164835659087881268e-04 2.134427775050697605e-04 2.045742915159356687e-04 1.906047455890864625e-04 1.726352286010370831e-04 1.519981144484588520e-04 1.300948300850039664e-04 1.082417829543940634e-04 8.754732843594024917e-05 6.883414458973139468e-05 5.261117521534380891e-05 3.908995295739212675e-05 2.823354125374926714e-05
6.030127311578942180e-05 6.381032642891738512e-05 6.714409788117949984e-05 7.032037005609394014e-05 7.336576375526152201e-05 7.631049854274309162e-05 7.918238369778518918e-05 8.200068635282864427e-05 8.477057343354239328e-05 8.747879172344825386e-05 9.009113746100019891e-05 9.255208561927713465e-05 9.478672080339822087e-05 9.670486404568962588e-05 9.820705252135742455e-05 9.919183046098808292e-05 9.956367201783110766e-05 9.924079509953138566e-05 9.816214402495801580e-05 1.044483426752976159e-04 1.046082963894882548e-04 1.018055267631827612e-04 1.026619303759936927e-04 1.035404851673020461e-04 1.052784645432867493e-04 1.067362494081409931e-04 1.085154470815364924e-04 1.105955566163012080e-04 1.128867091995784747e-04 1.152324909740656405e-04 1.174208390602869863e-04 1.192023425216684056e-04 1.203142000450310777e-04 1.205071764531106713e-04 1.195723310695928556e-04 1.173641841677999846e-04 1.138173870380547611e-04 1.089548180839497048e-04 1.028862064007277576e-04 9.579768821386231391e-05 8.218876629508437308e-05 7.513557294992780880e-05 6.762118605117905612e-05 5.996400011952001871e-05 5.244681011534908370e-05 4.530166860949373745e-05 3.870147676177053257e-05 3.275817634188488142e-05 2.752662442920743457e-05 2.301270256650669692e-05 1.918397573231443314e-05 1.598125491917756208e-05 1.818411821081833873e-05 2.122051015880727169e-05 2.504899693796755770e-05 2.976396052843932120e-05 3.543043153029771966e-05 4.207150220766152886e-05 4.965647797486688700e-05 5.809124876773491710e-05 6.721243665788958100e-05 7.678674027016262624e-05 8.651652451455885769e-05 9.605210802705280593e-05 1.050104357727565561e-04 1.129989858357631797e-04 1.196429708004600307e-04 1.246132866050944827e-04 1.276523502173905597e-04 1.280374357933281623e-04 1.269464464075272501e-04 1.237289391028101153e-04 1.185466240271501029e-04 1.116539913820516162e-04 1.218473681145351657e-04 1.203961054516602659e-04 1.206052106639413980e-04 1.230619302446430004e-04 1.281524588479122776e-04 1.359811162828205016e-04 1.463125644200755418e-04 1.585510302636021105e-04 1.717670269084873441e-04 1.847753493846788272e-04 1.962590464853111304e-04 2.049244325757647236e-04 2.096643546839198520e-04 2.017007840941175117e-04 1.988676387571051301e-04 1.906047455890864625e-04 1.775891231095886550e-04 1.608466713162306843e-04 1.416187817138917361e-04 1.212111835121571732e-04 1.008503920470587558e-04 8.156907761910408758e-05 6.413374095124818293e-05 4.901857214195613744e-05 3.642065913229716425e-05 2.630558760767190107e-05
6.874763146330705626e-05 7.226279084189885155e-05 7.547386380471020199e-05 7.840104843276030847e-05 8.107848135140488717e-05 8.354854711570329452e-05 8.585512781766301276e-05 8.803650689479027036e-05 9.011870797993632061e-05 9.211002471607254260e-05 9.399738203266692308e-05 9.574497678124927857e-05 9.729539935846537411e-05 9.857316829587686117e-05 9.949034957102412995e-05 9.995371242215047138e-05 9.987271855974261345e-05 9.916756770358148569e-05 9.777653459620177286e-05 1.052620624196837164e-04 1.057393964558185986e-04 1.028870347135705930e-04 1.045615035698378915e-04 1.064140942024186128e-04 1.094579777175575967e-04 1.122297893099686618e-04 1.154502419482459442e-04 1.190656091746656258e-04 1.229418341762355475e-04 1.268689402480483168e-04 1.305747029024544763e-04 1.337467672453837521e-04 1.360611468090831301e-04 1.372139909516790200e-04 1.369528557690005027e-04 1.351036003187347967e-04 1.315895068634461156e-04 1.264402338327877569e-04 1.197895946028246065e-04 1.118626828548727111e-04 9.730702393063466360e-05 8.903754341066685526e-05 8.022059955693774881e-05 7.123015795881155207e-05 6.339946132393138774e-05 5.529171294348485054e-05 4.788104696046734576e-05 4.130517355690256517e-05 3.563323800722443234e-05 3.087467960699793876e-05 2.699108683008380257e-05 2.390917513388017400e-05 2.580709742872914226e-05 2.970236670586703503e-05 3.444940073099698482e-05 4.012865833722497108e-05 4.678661910742046314e-05 5.442354188135354025e-05 6.298229190369240794e-05 7.233970635928907997e-05 8.230201636615873926e-05 9.260568159636848283e-05 1.029245982339450129e-04 1.128840264015669394e-04 1.220808069305323183e-04 1.301085966709102256e-04 1.365860711309541369e-04 1.411854549274066970e-04 1.436584586140950636e-04 1.431582547963346122e-04 1.411989367670542933e-04 1.369813601778112366e-04 1.307006290573644181e-04 1.226464154504135911e-04 1.299088548896827025e-04 1.265342588675384943e-04 1.246399563935668918e-04 1.248190945367270510e-04 1.274743066608425050e-04 1.327424233072285818e-04 1.404410619607736083e-04 1.500497157526753628e-04 1.607347162983587040e-04 1.706573667320808224e-04 1.803327581733295997e-04 1.875809066723100281e-04 1.913878253418658170e-04 1.826851732546272552e-04 1.801191264785961929e-04 1.726352286010370831e-04 1.608466713162306843e-04 1.456826365291886570e-04 1.282674819024963659e-04 1.097838372803958156e-04 9.134258662731362761e-05 7.387904387180198589e-05 5.808744685731666725e-05 4.439728077739716374e-05 3.298705284421090116e-05 2.382559319863580781e-05
7.779011618705834567e-05 8.128241838066976139e-05 8.432642569658128950e-05 8.694491763441017590e-05 8.918030642434101652e-05 9.108848053251803909e-05 9.273126667624651876e-05 9.416829485746236353e-05 9.544913661350235782e-05 9.660657038707139935e-05 9.765171060639222817e-05 9.857153317625339396e-05 9.932906532535128597e-05 9.986621532878534263e-05 1.001089334329697509e-04 9.997415301479026641e-05 9.937778763523950800e-05 9.824297238892541447e-05 9.650774251512349940e-05 1.052174360095557498e-04 1.060250100846124008e-04 1.031061575504127643e-04 1.056571059967795315e-04 1.085546011671349845e-04 1.130198346655332325e-04 1.172052208991953794e-04 1.219750241814488052e-04 1.272398991856943200e-04 1.328189451120238948e-04 1.384457975128025489e-04 1.437851910638898408e-04 1.484590235612297455e-04 1.520795331062539169e-04 1.542860091660213826e-04 1.547807215261147397e-04 1.533596320673606022e-04 1.499340112447579507e-04 1.445402484918607367e-04 1.373367409370313214e-04 1.285885019228848289e-04 1.131539556306232101e-04 1.036512197917963227e-04 9.350985574001872427e-05 8.316053996403692636e-05 7.427961256052384171e-05 6.497198064293958539e-05 5.646815550827384914e-05 4.892783852280952459e-05 4.243164570641485135e-05 3.699123606212356236e-05 3.256288514549511890e-05 2.906235067857975573e-05 2.986340388946157732e-05 3.395019036582964538e-05 3.891010327532236091e-05 4.482367051964752393e-05 5.173558302479323032e-05 5.964227303891071085e-05 6.848068631704159104e-05 7.811973896172598637e-05 8.835598953783324193e-05 9.891488389701921162e-05 1.094585210130941534e-04 1.196002584296225571e-04 1.289256845861462650e-04 1.370186315269881290e-04 1.434901121501930190e-04 1.480074750431211806e-04 1.503207927644838442e-04 1.494176089844091477e-04 1.471887649679804811e-04 1.426326088125137346e-04 1.359563296546225123e-04 1.274635397729767181e-04 1.322595634991973043e-04 1.275568758771070859e-04 1.240889914507693108e-04 1.224398596730352166e-04 1.230191941397387723e-04 1.259935654327042369e-04 1.312377747012962272e-04 1.383176352919436147e-04 1.465123200835338247e-04 1.538916670950120640e-04 1.616115942186660884e-04 1.673324471765725077e-04 1.701491097855587365e-04 1.608466713162306843e-04 1.585873742150309971e-04 1.519981144484588520e-04 1.416187817138917361e-04 1.282674819024963659e-04 1.129341650149970686e-04 9.666008727627880062e-05 8.042333565811534215e-05 6.504741504250198319e-05 5.114357287898391716e-05 3.908995295739212675e-05 2.904372342865832685e-05 2.097744053259192120e-05
8.728924639564634210e-05 9.073161901211983780e-05 9.356863919212035792e-05 9.582579419503872481e-05 9.755439198373623598e-05 9.882493041923884726e-05 9.971873726801140831e-05 1.003187383720536684e-04 1.007003173396290159e-04 1.009232235072583242e-04 1.010253663439553368e-04 1.010191194670707199e-04 1.008904740070302596e-04 1.006010653817990226e-04 1.000927887212246331e-04 9.929445278841345427e-05 9.812972955896767657e-05 9.652555520386496698e-05 9.442013424645312697e-05 1.043283379029215667e-04 1.054623847187940679e-04 1.024468664254206141e-04 1.059008885008632143e-04 1.098762333027173446e-04 1.158374622602828633e-04 1.214873830374093509e-04 1.278616150922301075e-04 1.348341403119113040e-04 1.421763010190333102e-04 1.495646020252035127e-04 1.566001692206983381e-04 1.628387422640434443e-04 1.678284926293573847e-04 1.711516272629279073e-04 1.724649186010931620e-04 1.715341772831170208e-04 1.682583203311338116e-04 1.626800106448858323e-04 1.549816471621550816e-04 1.454674687432495732e-04 1.292622701683316592e-04 1.185612742716440844e-04 1.071280024540051200e-04 9.544873353428107144e-05 8.560449322809525019e-05 7.513434400507314149e-05 6.557282670960760582e-05 5.710175092793491321e-05 4.981347055903817203e-05 4.372222170379171753e-05 3.877934318993101176e-05 3.488995440331662217e-05 3.443966526312602732e-05 3.868123364115338525e-05 4.380264851106787700e-05 4.988243179240168721e-05 5.696170595366759277e-05 6.503184694824432001e-05 7.402346649883765261e-05 8.379820501906396770e-05 9.414484414978133815e-05 1.047810641425079810e-04 1.153617543446378160e-04 1.254941510746679682e-04 1.347592856569763736e-04 1.427383756241644777e-04 1.490420106196184934e-04 1.533394044572117850e-04 1.553847207707479924e-04 1.539751973433646200e-04 1.514451274350930203e-04 1.465544150269852924e-04 1.395210782368191851e-04 1.306596074458943497e-04 1.329632639356746065e-04 1.269983812537608405e-04 1.220226368867345450e-04 1.186030682153655285e-04 1.171501990928654321e-04 1.178562897512435109e-04 1.206520535488907409e-04 1.251913746315829726e-04 1.308708982572414823e-04 1.356282390670419838e-04 1.413758160784793505e-04 1.455609474728552274e-04 1.473956602679949357e-04 1.376682891794627623e-04 1.357345620831850212e-04 1.300948300850039664e-04 1.212111835121571732e-04 1.097838372803958156e-04 9.666008727627880062e-05 8.273114226343379889e-05 6.883414458973139468e-05 5.567393015452521440e-05 4.377366421797012459e-05 3.345699916394121332e-05 2.485845484463814126e-05 1.795454221000365941e-05
9.705812675987411360e-05 1.004259773400892721e-04 1.030219805755783246e-04 1.048744047838299484e-04 1.060438870808987554e-04 1.066163282944668987e-04 1.066936924107465129e-04 1.221312147620562697e-04 1.351335367935369025e-04 1.538290694226127531e-04 1.766406980849209404e-04 1.993589517565432716e-04 2.160857228226072178e-04 2.215454138445744345e-04 2.135843098185930965e-04 1.942577266399817806e-04 1.687570169005572719e-04 1.429227188265634564e-04 1.209428638359254205e-04 1.183709089263207848e-04 1.040618265935403246e-04 1.009066849987797166e-04 1.052538640168005599e-04 1.102964675668116054e-04 1.177804889093264764e-04 1.248898908573130653e-04 1.328625118840615353e-04 1.415361415223090845e-04 1.506354415377883027e-04 1.597814132214190577e-04 1.685136330561148171e-04 1.763239888356699613e-04 1.826989040114218371e-04 1.871655756729629543e-04 1.893368543968651789e-04 1.889492652693255449e-04 1.858893813957627724e-04 1.802052317997394643e-04 1.721014262027461346e-04 1.619188770327797510e-04 1.450948517343019200e-04 1.332886216328766184e-04 1.206567878291880545e-04 1.077376012344618769e-04 9.708217671710410164e-05 8.554402919092316318e-05 7.501268881944537701e-05 6.569136721132466672e-05 5.768405306929302471e-05 5.100793373266470905e-05 4.561010433302567030e-05 4.138588754326696684e-05 3.958931635093481771e-05 4.395053583510421055e-05 4.918336250622321358e-05 5.536212080064381683e-05 6.252246090135645028e-05 7.064935113357849255e-05 7.966654708009793143e-05 8.942897760809232291e-05 9.971949960347835081e-05 1.102512795408305997e-04 1.206766411365295898e-04 1.306025912652782007e-04 1.396124599928051354e-04 1.472922624977417356e-04 1.532596344876296630e-04 1.571926380773112930e-04 1.588554930850792602e-04 1.568286627330020186e-04 1.539612189627851443e-04 1.487362861083419948e-04 1.413815385472220023e-04 1.322193089275640744e-04 1.321310774873420493e-04 1.250236545667533783e-04 1.186759354080065709e-04 1.136316078050135102e-04 1.102958350099853642e-04 1.088810188755675619e-04 1.093691135484791343e-04 1.114984239149775113e-04 1.147804817929576300e-04 1.169667718198293122e-04 1.208432045518331217e-04 1.235761156825077598e-04 1.244959005855248216e-04 1.145430688316326993e-04 1.129341650149970686e-04 1.082417829543940634e-04 1.008503920470587558e-04 9.134258662731362761e-05 8.042333565811534215e-05 6.883414458973139468e-05 5.727153441581634964e-05 4.632194423150147179e-05 3.642065913229716425e-05 2.783696507726260720e-05 2.068278556585845650e-05 1.493857718766291757e-05
1.068655137213756612e-04 1.101371357984755252e-04 1.124651604156080853e-04 1.138806445890462295e-04 1.144537584206811260e-04 1.142862163319618215e-04 1.135012370633475999e-04 1.415765073908222026e-04 1.652913202585880683e-04 1.997458828195666151e-04 2.419738125774639292e-04 2.841254466728935319e-04 3.152269224003147055e-04 3.254849076490354829e-04 3.109398766999892831e-04 2.754860878083821183e-04 2.288652118359621815e-04 1.820249895813543374e-04 1.428232976474301790e-04 1.294885740944888845e-04 1.018465148278834361e-04 9.849808019090386217e-05 1.036896437340661232e-04 1.097425617783671594e-04 1.187242682306206680e-04 1.272282370042964871e-04 1.367278926044726832e-04 1.470269431326063801e-04 1.578065528177965851e-04 1.686363514899402380e-04 1.789991982931342710e-04 1.883283003875718621e-04 1.960534025010675114e-04 2.016511839825777192e-04 2.046940339623287198e-04 2.048912428200419197e-04 2.021174282802734449e-04 1.964246174318889297e-04 1.880365831492624806e-04 1.773264228834166550e-04 1.600791782339367885e-04 1.473209857625194016e-04 1.336471977318327820e-04 1.196417784790185143e-04 1.083934672227941626e-04 9.594100768995909747e-05 8.458190401311422657e-05 7.453919141286674348e-05 6.592799206788441991e-05 5.876882654435253026e-05 5.300556377418236579e-05 4.852511476279951756e-05 4.535916802306178333e-05 4.980904460542414860e-05 5.510777433947646332e-05 6.132327042118518225e-05 6.848375561058277173e-05 7.656635650560347903e-05 8.548733558024400271e-05 9.509532883395634486e-05 1.051689483872933196e-04 1.154199062457616348e-04 1.255024003980846072e-04 1.350288951611510239e-04 1.435916816598198592e-04 1.507888153714802748e-04 1.562523140620374789e-04 1.596759845672769554e-04 1.608400357708026729e-04 1.580803388664185725e-04 1.548352064932641693e-04 1.492710545768439676e-04 1.416242339777184643e-04 1.322221100209919190e-04 1.299423099098087229e-04 1.218497524482301257e-04 1.143169342770315473e-04 1.078591565630779167e-04 1.028704349741027394e-04 9.957676326840545291e-05 9.800400955613903457e-05 9.796685224936789644e-05 9.908314031369535484e-05 9.885377407469415130e-05 1.010551644762030030e-04 1.024930065072131942e-04 1.026112854905832518e-04 9.264388846300294358e-05 9.134258662731362761e-05 8.754732843594024917e-05 8.156907761910408758e-05 7.387904387180198589e-05 6.504741504250198319e-05 5.567393015452521440e-05 4.632194423150147179e-05 3.746577665978791577e-05 2.945749155159502707e-05 2.251489080982452750e-05 1.672849958197059988e-05 1.208251090953485177e-05
1.164428317538615532e-04 1.195996248871484868e-04 1.216406197368279714e-04 1.225995933630930719e-04 1.225561879520979333e-04 1.216279013969255048e-04 1.199592318534787797e-04 1.665395513265754295e-04 2.060295789237517536e-04 2.635082729117913360e-04 3.340056519991205577e-04 4.044432634139814809e-04 4.565622632739889104e-04 4.740855754796157416e-04 4.504582326972643869e-04 3.922043473207448110e-04 3.155831170115850769e-04 2.388597540187327440e-04 1.751514029278024417e-04 1.457746488208375960e-04 9.885281958332607329e-05 9.525038237343564664e-05 1.011991477931190969e-04 1.081595903307278154e-04 1.185615134108398755e-04 1.283356921111046577e-04 1.392261730401711929e-04 1.510063031166915205e-04 1.633190032235507254e-04 1.756891202102509649e-04 1.875503425711034068e-04 1.982851701126377923e-04 2.072744270358648346e-04 2.139511322906964216e-04 2.178525184499437433e-04 2.186638557030910572e-04 2.162485749037530692e-04 2.106608971439676145e-04 2.021395016451669178e-04 1.910833126134748336e-04 1.736488359307114938e-04 1.601498394196024320e-04 1.456516056114265454e-04 1.307750166272769689e-04 1.192139137488026950e-04 1.060574652461691907e-04 9.406445784622119433e-05 8.347531407986489530e-05 7.441538993101638830e-05 6.690891804984631171e-05 6.089786560376287853e-05 5.626264093976542492e-05 5.178277262312552549e-05 5.629645153138403043e-05 6.162287963274636288e-05 6.782142336024280459e-05 7.491095411894461758e-05 8.285929204419716218e-05 9.157446382983318528e-05 1.008990407214608144e-04 1.106087901541946873e-04 1.204166622111136969e-04 1.299827260576980439e-04 1.389300901898589988e-04 1.468661387321974960e-04 1.534076825594061480e-04 1.582079692504861034e-04 1.609830343719309065e-04 1.615347049595786024e-04 1.579257249226168926e-04 1.542593050074208107e-04 1.483446655511883679e-04 1.404261323223894825e-04 1.308336935332401270e-04 1.266292605387160999e-04 1.177284222361715994e-04 1.092259575551625476e-04 1.016051643033143354e-04 9.524376140469899743e-05 9.037434694967637155e-05 8.705765053764078171e-05 8.517359169167214533e-05 8.443343747194022059e-05 8.201612492576481012e-05 8.280366432697065836e-05 8.315383157640965578e-05 8.261488476682935954e-05 7.284131826459434205e-05 7.181816884001463765e-05 6.883414458973139468e-05 6.413374095124818293e-05 5.808744685731666725e-05 5.114357287898391716e-05 4.377366421797012459e-05 3.642065913229716425e-05 2.945749155159502707e-05 2.316097211575073928e-05 1.770234771423647040e-05 1.315279380383594714e-05 9.499882153028678251e-06
1.254950809472112723e-04 1.285215983779632390e-04 1.302648877940738772e-04 1.307612938027275797e-04 1.300995810044973096e-04 1.284125207436935577e-04 1.258652694210478785e-04 1.952035232449661213e-04 2.541436507209371724e-04 3.399101623267441856e-04 4.450858199981727278e-04 5.502174660425322369e-04 6.281680626754086120e-04 6.547590223946859155e-04 6.202703158575096579e-04 5.344257887167058177e-04 4.214201275662761057e-04 3.084293035768199704e-04 2.149755581997453858e-04 1.656497077635116428e-04 9.513095511979323849e-05 9.121185341512446222e-05 9.779563457107942062e-05 1.055190018897998711e-04 1.172146971309920321e-04 1.280802377707032256e-04 1.401658880855395531e-04 1.532198178398898162e-04 1.668538320924098232e-04 1.805567969830611816e-04 1.937232176942506486e-04 2.056953753593593055e-04 2.158153437278694431e-04 2.234814602099463067e-04 2.282027621656318168e-04 2.296447638044366761e-04 2.276608296606965883e-04 2.223051969345711423e-04 2.138261330396603655e-04 2.026403820127410996e-04 1.852878378837534987e-04 1.713098806091518651e-04 1.562581765032718443e-04 1.407794943635090341e-04 1.292375193607137604e-04 1.156367046193711124e-04 1.032486435739356375e-04 9.232793363494165475e-05 8.300889642362661478e-05 7.531983946388154762e-05 6.920241550223075859e-05 6.453290068081284840e-05 5.887310395037245628e-05 6.343307996496221058e-05 6.875813246601020137e-05 7.489712462628791165e-05 8.185777220943078432e-05 8.959715806456191689e-05 9.801425337673121780e-05 1.069455838050231504e-04 1.161651181400411492e-04 1.253892356207894014e-04 1.342872355012819110e-04 1.424973079286654776e-04 1.496472404883826925e-04 1.553784713550773267e-04 1.593715186149361005e-04 1.613704194233413355e-04 1.612036883691528929e-04 1.566325137667635081e-04 1.524994832665460618e-04 1.462168277847587187e-04 1.380364737504762040e-04 1.282891506846195852e-04 1.224591937622910166e-04 1.129285004293617138e-04 1.036781246255234350e-04 9.515710503416503774e-05 8.772255851130110254e-05 8.160682013084701448e-05 7.689567675294185496e-05 7.352147979165206285e-05 7.127348402508023640e-05 6.693467850393641880e-05 6.660297389783458033e-05 6.609827550626456083e-05 6.506088327280475439e-05 5.567393015452521440e-05 5.489191864019790781e-05 5.261117521534380891e-05 4.901857214195613744e-05 4.439728077739716374e-05 3.908995295739212675e-05 3.345699916394121332e-05 2.783696507726260720e-05 2.251489080982452750e-05 1.770234771423647040e-05 1.353022286929925792e-05 1.005291695726442285e-05 7.260930857164583406e-06
1.337151579573985069e-04 1.365990093623130602e-04 1.380423614821681231e-04 1.380838866570665603e-04 1.368208233843258711e-04 1.344002105548110953e-04 1.310065749998507107e-04 2.231364980049551174e-04 3.015649344662012926e-04 4.156583698671907049e-04 5.555512707329111812e-04 6.954155682749096684e-04 7.992364726858353953e-04 8.349344237581306487e-04 7.896243442702256636e-04 6.762290160008829982e-04 5.268772461271093929e-04 3.776544091917465669e-04 2.544870318640296081e-04 1.849389942510290248e-04 9.074564653211137602e-05 8.645136499958275289e-05 9.351918966402254850e-05 1.018264577724982905e-04 1.146475512120867729e-04 1.263803724054653177e-04 1.394161982666677403e-04 1.534844056418228214e-04 1.681743329030474608e-04 1.829494548961985221e-04 1.971770430200166799e-04 2.101716653115348317e-04 2.212487462415682474e-04 2.297826189634913450e-04 2.352624156778986215e-04 2.373390069241174062e-04 2.358571081127945027e-04 2.308685182712855741e-04 2.226249561192815277e-04 2.115516966748669464e-04 1.945726630622606217e-04 1.804165017858701270e-04 1.651235474493493462e-04 1.493536888621553246e-04 1.381993518566512194e-04 1.244512237577367908e-04 1.119409750107297214e-04 1.009335350376947086e-04 9.157061275100572995e-05 8.388492263412038815e-05 7.781958427978917774e-05 7.324947032490588237e-05 6.661521648038512989e-05 7.121157589048196913e-05 7.651601449862115937e-05 8.256520993625935539e-05 8.935412767930717550e-05 9.682779129271151699e-05 1.048752688375790849e-04 1.133268637357050620e-04 1.219554065964938264e-04 1.304823135837655779e-04 1.385887012978722678e-04 1.459313476136100930e-04 1.521627103899477786e-04 1.569536347012133936e-04 1.600168834511618836e-04 1.611293063163887122e-04 1.601503918080127273e-04 1.545124604332096126e-04 1.498680200010579886e-04 1.431946524517400672e-04 1.347518428905490086e-04 1.248697781704293799e-04 1.177146648302766785e-04 1.077190032474044373e-04 9.792947130680565253e-05 8.875983981732906390e-05 8.054330698820196704e-05 7.350568586102782442e-05 6.774815747148869144e-05 6.324233473662275377e-05 5.983919397669075599e-05 5.385385947997467954e-05 5.270161204876524857e-05 5.157731805883821624e-05 5.019972601302654438e-05 4.136557113171690622e-05 4.078453880955205057e-05 3.908995295739212675e-05 3.642065913229716425e-05 3.298705284421090116e-05 2.904372342865832685e-05 2.485845484463814126e-05 2.068278556585845650e-05 1.672849958197059988e-05 1.315279380383594714e-05 1.005291695726442285e-05 7.469288593831457091e-06 5.394850893782409694e-06
