0.000000000000000000e+00 0.000000000000000000e+00 0.000000000000000000e+00 0.000000000000000000e+00 0.000000000000000000e+00 0.000000000000000000e+00 0.000000000000000000e+00 0.000000000000000000e+00 0.000000000000000000e+00 0.000000000000000000e+00 0.000000000000000000e+00 0.000000000000000000e+00 0.000000000000000000e+00 0.000000000000000000e+00 0.000000000000000000e+00 0.000000000000000000e+00 0.000000000000000000e+00 0.000000000000000000e+00 0.000000000000000000e+00 0.000000000000000000e+00 0.000000000000000000e+00 0.000000000000000000e+00 0.000000000000000000e+00 0.000000000000000000e+00 0.000000000000000000e+00 0.000000000000000000e+00 0.000000000000000000e+00 0.000000000000000000e+00 0.000000000000000000e+00 0.000000000000000000e+00 0.000000000000000000e+00 0.000000000000000000e+00 0.000000000000000000e+00 0.000000000000000000e+00 0.000000000000000000e+00 0.000000000000000000e+00 0.000000000000000000e+00 0.000000000000000000e+00 0.000000000000000000e+00 0.000000000000000000e+00 0.000000000000000000e+00 0.000000000000000000e+00 0.000000000000000000e+00 0.000000000000000000e+00 0.000000000000000000e+00 0.000000000000000000e+00 0.000000000000000000e+00 0.000000000000000000e+00 0.000000000000000000e+00 0.000000000000000000e+00 0.000000000000000000e+00 0.000000000000000000e+00 0.000000000000000000e+00 0.000000000000000000e+00 0.000000000000000000e+00 0.000000000000000000e+00 0.000000000000000000e+00 0.000000000000000000e+00 0.000000000000000000e+00 0.000000000000000000e+00 0.000000000000000000e+00 0.000000000000000000e+00 0.000000000000000000e+00 0.000000000000000000e+00 0.000000000000000000e+00 0.000000000000000000e+00 0.000000000000000000e+00 0.000000000000000000e+00 0.000000000000000000e+00 0.000000000000000000e+00 0.000000000000000000e+00 0.000000000000000000e+00 0.000000000000000000e+00 0.000000000000000000e+00 0.000000000000000000e+00 0.000000000000000000e+00 0.000000000000000000e+00 0.000000000000000000e+00 0.000000000000000000e+00 0.000000000000000000e+00 0.000000000000000000e+00 0.000000000000000000e+00 0.000000000000000000e+00 0.000000000000000000e+00 0.000000000000000000e+00 0.000000000000000000e+00 0.000000000000000000e+00 0.000000000000000000e+00 0.000000000000000000e+00 0.000000000000000000e+00 0.000000000000000000e+00 0.000000000000000000e+00 0.000000000000000000e+00 0.000000000000000000e+00 0.000000000000000000e+00 0.000000000000000000e+00 0.000000000000000000e+00 0.000000000000000000e+00 0.000000000000000000e+00 0.000000000000000000e+00
0.000000000000000000e+00 4.097802853333032225e-06 5.715384575638863591e-06 7.777438177680248094e-06 1.032581614646712195e-05 1.337546593978695152e-05 1.690402641765250915e-05 2.084337859347486186e-05 2.507510628448831385e-05 2.943161943971991224e-05 3.370406217937898358e-05 3.765711517380648858e-05 4.104956480398483110e-05 4.365829580134296829e-05 4.530245234071696072e-05 4.586415077895433123e-05 4.530245234071696072e-05 4.365829580134296829e-05 4.104956480398483110e-05 3.765711517380648858e-05 3.370406217937898358e-05 2.943161943971991224e-05 2.507510628448831385e-05 2.084337859347486186e-05 1.690402641765250915e-05 1.337546593978695152e-05 1.032581614646712195e-05 7.777438177680248094e-06 5.715384575638863591e-06 4.097802853333032225e-06 0.000000000000000000e+00 0.000000000000000000e+00 0.000000000000000000e+00 0.000000000000000000e+00 0.000000000000000000e+00 0.000000000000000000e+00 0.000000000000000000e+00 0.000000000000000000e+00 0.000000000000000000e+00 0.000000000000000000e+00 0.000000000000000000e+00 0.000000000000000000e+00 0.000000000000000000e+00 0.000000000000000000e+00 0.000000000000000000e+00 0.000000000000000000e+00 0.000000000000000000e+00 0.000000000000000000e+00 0.000000000000000000e+00 0.000000000000000000e+00 0.000000000000000000e+00 0.000000000000000000e+00 0.000000000000000000e+00 0.000000000000000000e+00 0.000000000000000000e+00 0.000000000000000000e+00 0.000000000000000000e+00 0.000000000000000000e+00 0.000000000000000000e+00 0.000000000000000000e+00 0.000000000000000000e+00 0.000000000000000000e+00 0.000000000000000000e+00 0.000000000000000000e+00 0.000000000000000000e+00 0.000000000000000000e+00 0.000000000000000000e+00 0.000000000000000000e+00 0.000000000000000000e+00 0.000000000000000000e+00 0.000000000000000000e+00 4.097802853333032225e-06 5.715384575638863591e-06 7.777438177680248094e-06 1.032581614646712195e-05 1.337546593978695152e-05 1.690402641765250915e-05 2.084337859347486186e-05 2.507510628448831385e-05 2.943161943971991224e-05 3.370406217937898358e-05 3.765711517380648858e-05 4.104956480398483110e-05 4.365829580134296829e-05 4.530245234071696072e-05 4.586415077895433123e-05 4.530245234071696072e-05 4.365829580134296829e-05 4.104956480398483110e-05 3.765711517380648858e-05 3.370406217937898358e-05 2.943161943971991224e-05 2.507510628448831385e-05 2.084337859347486186e-05 1.690402641765250915e-05 1.337546593978695152e-05 1.032581614646712195e-05 7.777438177680248094e-06 5.715384575638863591e-06 4.097802853333032225e-06
0.000000000000000000e+00 5.715384575638863591e-06 7.971496437629108659e-06 1.084753263875136558e-05 1.440186667018376944e-05 1.865534640400342637e-05 2.357678378184077642e-05 2.907117027859268545e-05 3.497334567335331628e-05 4.104956480398483110e-05 4.700852725496906982e-05 5.252202288169433145e-05 5.725362051679836037e-05 6.089213155257559471e-05 6.318530847235611031e-05 6.396873381148657255e-05 6.318530847235611031e-05 6.089213155257559471e-05 5.725362051679836037e-05 5.252202288169433145e-05 4.700852725496906982e-05 4.104956480398483110e-05 3.497334567335331628e-05 2.907117027859268545e-05 2.357678378184077642e-05 1.865534640400342637e-05 1.440186667018376944e-05 1.084753263875136558e-05 7.971496437629108659e-06 5.715384575638863591e-06 0.000000000000000000e+00 0.000000000000000000e+00 0.000000000000000000e+00 0.000000000000000000e+00 0.000000000000000000e+00 0.000000000000000000e+00 0.000000000000000000e+00 0.000000000000000000e+00 0.000000000000000000e+00 0.000000000000000000e+00 0.000000000000000000e+00 0.000000000000000000e+00 0.000000000000000000e+00 0.000000000000000000e+00 0.000000000000000000e+00 0.000000000000000000e+00 0.000000000000000000e+00 0.000000000000000000e+00 0.000000000000000000e+00 0.000000000000000000e+00 0.000000000000000000e+00 0.000000000000000000e+00 0.000000000000000000e+00 0.000000000000000000e+00 0.000000000000000000e+00 0.000000000000000000e+00 0.000000000000000000e+00 0.000000000000000000e+00 0.000000000000000000e+00 0.000000000000000000e+00 0.000000000000000000e+00 0.000000000000000000e+00 0.000000000000000000e+00 0.000000000000000000e+00 0.000000000000000000e+00 0.000000000000000000e+00 0.000000000000000000e+00 0.000000000000000000e+00 0.000000000000000000e+00 0.000000000000000000e+00 0.000000000000000000e+00 5.715384575638863591e-06 7.971496437629108659e-06 1.084753263875136558e-05 1.440186667018376944e-05 1.865534640400342637e-05 2.357678378184077642e-05 2.907117027859268545e-05 3.497334567335331628e-05 4.104956480398483110e-05 4.700852725496906982e-05 5.252202288169433145e-05 5.725362051679836037e-05 6.089213155257559471e-05 6.318530847235611031e-05 6.396873381148657255e-05 6.318530847235611031e-05 6.089213155257559471e-05 5.725362051679836037e-05 5.252202288169433145e-05 4.700852725496906982e-05 4.104956480398483110e-05 3.497334567335331628e-05 2.907117027859268545e-05 2.357678378184077642e-05 1.865534640400342637e-05 1.440186667018376944e-05 1.084753263875136558e-05 7.971496437629108659e-06 5.715384575638863591e-06
0.000000000000000000e+00 7.777438177680248094e-06 1.084753263875136558e-05 1.476121394137802051e-05 1.959791614863072925e-05 2.538600883635688208e-05 3.208305160660235766e-05 3.955975780847548163e-05 4.759137906494102229e-05 5.585983729677260738e-05 6.396873381148657255e-05 7.147144352633946914e-05 7.791015427303773567e-05 8.286140370604754620e-05 8.598193592711550102e-05 8.704801329448747004e-05 8.598193592711550102e-05 8.286140370604754620e-05 7.791015427303773567e-05 7.147144352633946914e-05 6.396873381148657255e-05 5.585983729677260738e-05 4.759137906494102229e-05 3.955975780847548163e-05 3.208305160660235766e-05 2.538600883635688208e-05 1.959791614863072925e-05 1.476121394137802051e-05 1.084753263875136558e-05 7.777438177680248094e-06 0.000000000000000000e+00 0.000000000000000000e+00 0.000000000000000000e+00 0.000000000000000000e+00 0.000000000000000000e+00 0.000000000000000000e+00 0.000000000000000000e+00 0.000000000000000000e+00 0.000000000000000000e+00 0.000000000000000000e+00 0.000000000000000000e+00 0.000000000000000000e+00 0.000000000000000000e+00 0.000000000000000000e+00 0.000000000000000000e+00 0.000000000000000000e+00 0.000000000000000000e+00 0.000000000000000000e+00 0.000000000000000000e+00 0.000000000000000000e+00 0.000000000000000000e+00 0.000000000000000000e+00 0.000000000000000000e+00 0.000000000000000000e+00 0.000000000000000000e+00 0.000000000000000000e+00 0.000000000000000000e+00 0.000000000000000000e+00 0.000000000000000000e+00 0.000000000000000000e+00 0.000000000000000000e+00 0.000000000000000000e+00 0.000000000000000000e+00 0.000000000000000000e+00 0.000000000000000000e+00 0.000000000000000000e+00 0.000000000000000000e+00 0.000000000000000000e+00 0.000000000000000000e+00 0.000000000000000000e+00 0.000000000000000000e+00 7.777438177680248094e-06 1.084753263875136558e-05 1.476121394137802051e-05 1.959791614863072925e-05 2.538600883635688208e-05 3.208305160660235766e-05 3.955975780847548163e-05 4.759137906494102229e-05 5.585983729677260738e-05 6.396873381148657255e-05 7.147144352633946914e-05 7.791015427303773567e-05 8.286140370604754620e-05 8.598193592711550102e-05 8.704801329448747004e-05 8.598193592711550102e-05 8.286140370604754620e-05 7.791015427303773567e-05 7.147144352633946914e-05 6.396873381148657255e-05 5.585983729677260738e-05 4.759137906494102229e-05 3.955975780847548163e-05 3.208305160660235766e-05 2.538600883635688208e-05 1.959791614863072925e-05 1.476121394137802051e-05 1.084753263875136558e-05 7.777438177680248094e-06
0.000000000000000000e+00 1.032581614646712195e-05 1.440186667018376944e-05 1.959791614863072925e-05 2.601942624055658595e-05 3.370406217937898358e-05 4.259547742315884897e-05 5.252202288169433145e-05 6.318530847235611031e-05 7.416303372919654750e-05 8.492891481353049459e-05 9.488998417158884863e-05 1.034384215711283832e-04 1.100120117652979269e-04 1.141550266318571680e-04 1.155704180039138240e-04 1.141550266318571680e-04 1.100120117652979269e-04 1.034384215711283832e-04 9.488998417158884863e-05 8.492891481353049459e-05 7.416303372919654750e-05 6.318530847235611031e-05 5.252202288169433145e-05 4.259547742315884897e-05 3.370406217937898358e-05 2.601942624055658595e-05 1.959791614863072925e-05 1.440186667018376944e-05 1.032581614646712195e-05 0.000000000000000000e+00 0.000000000000000000e+00 0.000000000000000000e+00 0.000000000000000000e+00 0.000000000000000000e+00 0.000000000000000000e+00 0.000000000000000000e+00 0.000000000000000000e+00 0.000000000000000000e+00 0.000000000000000000e+00 0.000000000000000000e+00 0.000000000000000000e+00 0.000000000000000000e+00 0.000000000000000000e+00 0.000000000000000000e+00 0.000000000000000000e+00 0.000000000000000000e+00 0.000000000000000000e+00 0.000000000000000000e+00 0.000000000000000000e+00 0.000000000000000000e+00 0.000000000000000000e+00 0.000000000000000000e+00 0.000000000000000000e+00 0.000000000000000000e+00 0.000000000000000000e+00 0.000000000000000000e+00 0.000000000000000000e+00 0.000000000000000000e+00 0.000000000000000000e+00 0.000000000000000000e+00 0.000000000000000000e+00 0.000000000000000000e+00 0.000000000000000000e+00 0.000000000000000000e+00 0.000000000000000000e+00 0.000000000000000000e+00 0.000000000000000000e+00 0.000000000000000000e+00 0.000000000000000000e+00 0.000000000000000000e+00 1.032581614646712195e-05 1.440186667018376944e-05 1.959791614863072925e-05 2.601942624055658595e-05 3.370406217937898358e-05 4.259547742315884897e-05 5.252202288169433145e-05 6.318530847235611031e-05 7.416303372919654750e-05 8.492891481353049459e-05 9.488998417158884863e-05 1.034384215711283832e-04 1.100120117652979269e-04 1.141550266318571680e-04 1.155704180039138240e-04 1.141550266318571680e-04 1.100120117652979269e-04 1.034384215711283832e-04 9.488998417158884863e-05 8.492891481353049459e-05 7.416303372919654750e-05 6.318530847235611031e-05 5.252202288169433145e-05 4.259547742315884897e-05 3.370406217937898358e-05 2.601942624055658595e-05 1.959791614863072925e-05 1.440186667018376944e-05 1.032581614646712195e-05
0.000000000000000000e+00 1.337546593978695152e-05 1.865534640400342637e-05 2.538600883635688208e-05 3.370406217937898358e-05 4.365829580134296829e-05 5.517572164572716992e-05 6.803399539349433184e-05 8.184659976306907225e-05 9.606651111791587937e-05 1.100120117652979269e-04 1.229150057788170930e-04 1.339881579300939752e-04 1.425032070552243802e-04 1.478698292620950444e-04 1.497032455092833130e-04 1.478698292620950444e-04 1.425032070552243802e-04 1.339881579300939752e-04 1.229150057788170930e-04 1.100120117652979269e-04 9.606651111791587937e-05 8.184659976306907225e-05 6.803399539349433184e-05 5.517572164572716992e-05 4.365829580134296829e-05 3.370406217937898358e-05 2.538600883635688208e-05 1.865534640400342637e-05 1.337546593978695152e-05 0.000000000000000000e+00 0.000000000000000000e+00 0.000000000000000000e+00 0.000000000000000000e+00 0.000000000000000000e+00 0.000000000000000000e+00 0.000000000000000000e+00 0.000000000000000000e+00 0.000000000000000000e+00 0.000000000000000000e+00 0.000000000000000000e+00 0.000000000000000000e+00 0.000000000000000000e+00 0.000000000000000000e+00 0.000000000000000000e+00 0.000000000000000000e+00 0.000000000000000000e+00 0.000000000000000000e+00 0.000000000000000000e+00 0.000000000000000000e+00 0.000000000000000000e+00 0.000000000000000000e+00 0.000000000000000000e+00 0.000000000000000000e+00 0.000000000000000000e+00 0.000000000000000000e+00 0.000000000000000000e+00 0.000000000000000000e+00 0.000000000000000000e+00 0.000000000000000000e+00 0.000000000000000000e+00 0.000000000000000000e+00 0.000000000000000000e+00 0.000000000000000000e+00 0.000000000000000000e+00 0.000000000000000000e+00 0.000000000000000000e+00 0.000000000000000000e+00 0.000000000000000000e+00 0.000000000000000000e+00 0.000000000000000000e+00 1.337546593978695152e-05 1.865534640400342637e-05 2.538600883635688208e-05 3.370406217937898358e-05 4.365829580134296829e-05 5.517572164572716992e-05 6.803399539349433184e-05 8.184659976306907225e-05 9.606651111791587937e-05 1.100120117652979269e-04 1.229150057788170930e-04 1.339881579300939752e-04 1.425032070552243802e-04 1.478698292620950444e-04 1.497032455092833130e-04 1.478698292620950444e-04 1.425032070552243802e-04 1.339881579300939752e-04 1.229150057788170930e-04 1.100120117652979269e-04 9.606651111791587937e-05 8.184659976306907225e-05 6.803399539349433184e-05 5.517572164572716992e-05 4.365829580134296829e-05 3.370406217937898358e-05 2.538600883635688208e-05 1.865534640400342637e-05 1.337546593978695152e-05
0.000000000000000000e+00 1.690402641765250915e-05 2.357678378184077642e-05 3.208305160660235766e-05 4.259547742315884897e-05 5.517572164572716992e-05 6.973154135423490472e-05 8.598193592711550102e-05 1.034384215711283832e-04 1.214096652108723098e-04 1.390341062891837099e-04 1.553410187102709109e-04 1.693353615865873091e-04 1.800967523304155540e-04 1.868791346389564619e-04 1.891962215215026752e-04 1.868791346389564619e-04 1.800967523304155540e-04 1.693353615865873091e-04 1.553410187102709109e-04 1.390341062891837099e-04 1.214096652108723098e-04 1.034384215711283832e-04 8.598193592711550102e-05 6.973154135423490472e-05 5.517572164572716992e-05 4.259547742315884897e-05 3.208305160660235766e-05 2.357678378184077642e-05 1.690402641765250915e-05 0.000000000000000000e+00 0.000000000000000000e+00 0.000000000000000000e+00 0.000000000000000000e+00 0.000000000000000000e+00 0.000000000000000000e+00 0.000000000000000000e+00 0.000000000000000000e+00 0.000000000000000000e+00 0.000000000000000000e+00 0.000000000000000000e+00 0.000000000000000000e+00 0.000000000000000000e+00 0.000000000000000000e+00 0.000000000000000000e+00 0.000000000000000000e+00 0.000000000000000000e+00 0.000000000000000000e+00 0.000000000000000000e+00 0.000000000000000000e+00 0.000000000000000000e+00 0.000000000000000000e+00 0.000000000000000000e+00 0.000000000000000000e+00 0.000000000000000000e+00 0.000000000000000000e+00 0.000000000000000000e+00 0.000000000000000000e+00 0.000000000000000000e+00 0.000000000000000000e+00 0.000000000000000000e+00 0.000000000000000000e+00 0.000000000000000000e+00 0.000000000000000000e+00 0.000000000000000000e+00 0.000000000000000000e+00 0.000000000000000000e+00 0.000000000000000000e+00 0.000000000000000000e+00 0.000000000000000000e+00 0.000000000000000000e+00 1.690402641765250915e-05 2.357678378184077642e-05 3.208305160660235766e-05 4.259547742315884897e-05 5.517572164572716992e-05 6.973154135423490472e-05 8.598193592711550102e-05 1.034384215711283832e-04 1.214096652108723098e-04 1.390341062891837099e-04 1.553410187102709109e-04 1.693353615865873091e-04 1.800967523304155540e-04 1.868791346389564619e-04 1.891962215215026752e-04 1.868791346389564619e-04 1.800967523304155540e-04 1.693353615865873091e-04 1.553410187102709109e-04 1.390341062891837099e-04 1.214096652108723098e-04 1.034384215711283832e-04 8.598193592711550102e-05 6.973154135423490472e-05 5.517572164572716992e-05 4.259547742315884897e-05 3.208305160660235766e-05 2.357678378184077642e-05 1.690402641765250915e-05
0.000000000000000000e+00 2.084337859347486186e-05 2.907117027859268545e-05 3.955975780847548163e-05 5.252202288169433145e-05 6.803399539349433184e-05 8.598193592711550102e-05 1.060193588467927644e-04 1.275439430020657656e-04 1.497032455092833130e-04 1.714349258094286443e-04 1.915420376232398949e-04 2.087976535061726927e-04 2.220669028509141593e-04 2.304298667229403381e-04 2.332869327221067193e-04 2.304298667229403381e-04 2.220669028509141593e-04 2.087976535061726927e-04 1.915420376232398949e-04 1.714349258094286443e-04 1.497032455092833130e-04 1.275439430020657656e-04 1.060193588467927644e-04 8.598193592711550102e-05 6.803399539349433184e-05 5.252202288169433145e-05 3.955975780847548163e-05 2.907117027859268545e-05 2.084337859347486186e-05 0.000000000000000000e+00 0.000000000000000000e+00 0.000000000000000000e+00 0.000000000000000000e+00 0.000000000000000000e+00 0.000000000000000000e+00 0.000000000000000000e+00 0.000000000000000000e+00 0.000000000000000000e+00 0.000000000000000000e+00 0.000000000000000000e+00 0.000000000000000000e+00 0.000000000000000000e+00 0.000000000000000000e+00 0.000000000000000000e+00 0.000000000000000000e+00 0.000000000000000000e+00 0.000000000000000000e+00 0.000000000000000000e+00 0.000000000000000000e+00 0.000000000000000000e+00 0.000000000000000000e+00 0.000000000000000000e+00 0.000000000000000000e+00 0.000000000000000000e+00 0.000000000000000000e+00 0.000000000000000000e+00 0.000000000000000000e+00 0.000000000000000000e+00 0.000000000000000000e+00 0.000000000000000000e+00 0.000000000000000000e+00 0.000000000000000000e+00 0.000000000000000000e+00 0.000000000000000000e+00 0.000000000000000000e+00 0.000000000000000000e+00 0.000000000000000000e+00 0.000000000000000000e+00 0.000000000000000000e+00 0.000000000000000000e+00 2.084337859347486186e-05 2.907117027859268545e-05 3.955975780847548163e-05 5.252202288169433145e-05 6.803399539349433184e-05 8.598193592711550102e-05 1.060193588467927644e-04 1.275439430020657656e-04 1.497032455092833130e-04 1.714349258094286443e-04 1.915420376232398949e-04 2.087976535061726927e-04 2.220669028509141593e-04 2.304298667229403381e-04 2.332869327221067193e-04 2.304298667229403381e-04 2.220669028509141593e-04 2.087976535061726927e-04 1.915420376232398949e-04 1.714349258094286443e-04 1.497032455092833130e-04 1.275439430020657656e-04 1.060193588467927644e-04 8.598193592711550102e-05 6.803399539349433184e-05 5.252202288169433145e-05 3.955975780847548163e-05 2.907117027859268545e-05 2.084337859347486186e-05
0.000000000000000000e+00 2.507510628448831385e-05 3.497334567335331628e-05 4.759137906494102229e-05 6.318530847235611031e-05 8.184659976306907225e-05 1.034384215711283832e-04 1.275439430020657656e-04 1.534385566321155533e-04 1.800967523304155540e-04 2.062405078076228870e-04 2.304298667229403381e-04 2.511888046431246533e-04 2.671520438148649234e-04 2.772128987287625682e-04 2.806500206554987599e-04 2.772128987287625682e-04 2.671520438148649234e-04 2.511888046431246533e-04 2.304298667229403381e-04 2.062405078076228870e-04 1.800967523304155540e-04 1.534385566321155533e-04 1.275439430020657656e-04 1.034384215711283832e-04 8.184659976306907225e-05 6.318530847235611031e-05 4.759137906494102229e-05 3.497334567335331628e-05 2.507510628448831385e-05 0.000000000000000000e+00 0.000000000000000000e+00 0.000000000000000000e+00 0.000000000000000000e+00 0.000000000000000000e+00 0.000000000000000000e+00 0.000000000000000000e+00 0.000000000000000000e+00 0.000000000000000000e+00 0.000000000000000000e+00 0.000000000000000000e+00 0.000000000000000000e+00 0.000000000000000000e+00 0.000000000000000000e+00 0.000000000000000000e+00 0.000000000000000000e+00 0.000000000000000000e+00 0.000000000000000000e+00 0.000000000000000000e+00 0.000000000000000000e+00 0.000000000000000000e+00 0.000000000000000000e+00 0.000000000000000000e+00 0.000000000000000000e+00 0.000000000000000000e+00 0.000000000000000000e+00 0.000000000000000000e+00 0.000000000000000000e+00 0.000000000000000000e+00 0.000000000000000000e+00 0.000000000000000000e+00 0.000000000000000000e+00 0.000000000000000000e+00 0.000000000000000000e+00 0.000000000000000000e+00 0.000000000000000000e+00 0.000000000000000000e+00 0.000000000000000000e+00 0.000000000000000000e+00 0.000000000000000000e+00 0.000000000000000000e+00 2.507510628448831385e-05 3.497334567335331628e-05 4.759137906494102229e-05 6.318530847235611031e-05 8.184659976306907225e-05 1.034384215711283832e-04 1.275439430020657656e-04 1.534385566321155533e-04 1.800967523304155540e-04 2.062405078076228870e-04 2.304298667229403381e-04 2.511888046431246533e-04 2.671520438148649234e-04 2.772128987287625682e-04 2.806500206554987599e-04 2.772128987287625682e-04 2.671520438148649234e-04 2.511888046431246533e-04 2.304298667229403381e-04 2.062405078076228870e-04 1.800967523304155540e-04 1.534385566321155533e-04 1.275439430020657656e-04 1.034384215711283832e-04 8.184659976306907225e-05 6.318530847235611031e-05 4.759137906494102229e-05 3.497334567335331628e-05 2.507510628448831385e-05
0.000000000000000000e+00 2.943161943971991224e-05 4.104956480398483110e-05 5.585983729677260738e-05 7.416303372919654750e-05 9.606651111791587937e-05 1.214096652108723098e-04 1.497032455092833130e-04 1.800967523304155540e-04 2.113865048778374388e-04 2.420724390948441663e-04 2.704644226824402006e-04 2.948299888303128574e-04 3.135666583780916138e-04 3.253754718564714652e-04 3.294097544380848296e-04 3.253754718564714652e-04 3.135666583780916138e-04 2.948299888303128574e-04 2.704644226824402006e-04 2.420724390948441663e-04 2.113865048778374388e-04 1.800967523304155540e-04 1.497032455092833130e-04 1.214096652108723098e-04 9.606651111791587937e-05 7.416303372919654750e-05 5.585983729677260738e-05 4.104956480398483110e-05 2.943161943971991224e-05 0.000000000000000000e+00 0.000000000000000000e+00 0.000000000000000000e+00 0.000000000000000000e+00 0.000000000000000000e+00 0.000000000000000000e+00 0.000000000000000000e+00 0.000000000000000000e+00 0.000000000000000000e+00 0.000000000000000000e+00 0.000000000000000000e+00 0.000000000000000000e+00 0.000000000000000000e+00 0.000000000000000000e+00 0.000000000000000000e+00 0.000000000000000000e+00 0.000000000000000000e+00 0.000000000000000000e+00 0.000000000000000000e+00 0.000000000000000000e+00 0.000000000000000000e+00 0.000000000000000000e+00 0.000000000000000000e+00 0.000000000000000000e+00 0.000000000000000000e+00 0.000000000000000000e+00 0.000000000000000000e+00 0.000000000000000000e+00 0.000000000000000000e+00 0.000000000000000000e+00 0.000000000000000000e+00 0.000000000000000000e+00 0.000000000000000000e+00 0.000000000000000000e+00 0.000000000000000000e+00 0.000000000000000000e+00 0.000000000000000000e+00 0.000000000000000000e+00 0.000000000000000000e+00 0.000000000000000000e+00 0.000000000000000000e+00 2.943161943971991224e-05 4.104956480398483110e-05 5.585983729677260738e-05 7.416303372919654750e-05 9.606651111791587937e-05 1.214096652108723098e-04 1.497032455092833130e-04 1.800967523304155540e-04 2.113865048778374388e-04 2.420724390948441663e-04 2.704644226824402006e-04 2.948299888303128574e-04 3.135666583780916138e-04 3.253754718564714652e-04 3.294097544380848296e-04 3.253754718564714652e-04 3.135666583780916138e-04 2.948299888303128574e-04 2.704644226824402006e-04 2.420724390948441663e-04 2.113865048778374388e-04 1.800967523304155540e-04 1.497032455092833130e-04 1.214096652108723098e-04 9.606651111791587937e-05 7.416303372919654750e-05 5.585983729677260738e-05 4.104956480398483110e-05 2.943161943971991224e-05
0.000000000000000000e+00 3.370406217937898358e-05 4.700852725496906982e-05 6.396873381148657255e-05 8.492891481353049459e-05 1.100120117652979269e-04 1.390341062891837099e-04 1.714349258094286443e-04 2.062405078076228870e-04 2.420724390948441663e-04 2.772128987287625682e-04 3.097264062573633304e-04 3.376290012255281315e-04 3.590855804928095641e-04 3.726086210633488280e-04 3.772285405094523685e-04 3.726086210633488280e-04 3.590855804928095641e-04 3.376290012255281315e-04 3.097264062573633304e-04 2.772128987287625682e-04 2.420724390948441663e-04 2.062405078076228870e-04 1.714349258094286443e-04 1.390341062891837099e-04 1.100120117652979269e-04 8.492891481353049459e-05 6.396873381148657255e-05 4.700852725496906982e-05 3.370406217937898358e-05 0.000000000000000000e+00 0.000000000000000000e+00 0.000000000000000000e+00 0.000000000000000000e+00 0.000000000000000000e+00 0.000000000000000000e+00 0.000000000000000000e+00 0.000000000000000000e+00 0.000000000000000000e+00 0.000000000000000000e+00 0.000000000000000000e+00 0.000000000000000000e+00 0.000000000000000000e+00 0.000000000000000000e+00 0.000000000000000000e+00 0.000000000000000000e+00 0.000000000000000000e+00 0.000000000000000000e+00 0.000000000000000000e+00 0.000000000000000000e+00 0.000000000000000000e+00 0.000000000000000000e+00 0.000000000000000000e+00 0.000000000000000000e+00 0.000000000000000000e+00 0.000000000000000000e+00 0.000000000000000000e+00 0.000000000000000000e+00 0.000000000000000000e+00 0.000000000000000000e+00 0.000000000000000000e+00 0.000000000000000000e+00 0.000000000000000000e+00 0.000000000000000000e+00 0.000000000000000000e+00 0.000000000000000000e+00 0.000000000000000000e+00 0.000000000000000000e+00 0.000000000000000000e+00 0.000000000000000000e+00 0.000000000000000000e+00 3.370406217937898358e-05 4.700852725496906982e-05 6.396873381148657255e-05 8.492891481353049459e-05 1.100120117652979269e-04 1.390341062891837099e-04 1.714349258094286443e-04 2.062405078076228870e-04 2.420724390948441663e-04 2.772128987287625682e-04 3.097264062573633304e-04 3.376290012255281315e-04 3.590855804928095641e-04 3.726086210633488280e-04 3.772285405094523685e-04 3.726086210633488280e-04 3.590855804928095641e-04 3.376290012255281315e-04 3.097264062573633304e-04 2.772128987287625682e-04 2.420724390948441663e-04 2.062405078076228870e-04 1.714349258094286443e-04 1.390341062891837099e-04 1.100120117652979269e-04 8.492891481353049459e-05 6.396873381148657255e-05 4.700852725496906982e-05 3.370406217937898358e-05
0.000000000000000000e+00 3.765711517380648858e-05 5.252202288169433145e-05 7.147144352633946914e-05 9.488998417158884863e-05 1.229150057788170930e-04 1.553410187102709109e-04 1.915420376232398949e-04 2.304298667229403381e-04 2.704644226824402006e-04 3.097264062573633304e-04 3.475284589893462019e-04 3.789142326518666281e-04 4.031213476052930111e-04 4.184893288607377114e-04 4.239363211675831167e-04 4.190874616616471239e-04 4.043201763905076196e-04 3.807188164043253244e-04 3.499462186881372198e-04 3.140533281591487906e-04 2.752571308023763061e-04 2.357201357184911868e-04 1.973613193048648936e-04 1.617200664756958688e-04 1.298834716687420577e-04 1.024759931611744188e-04 7.970115060376284702e-05 6.141915934986750527e-05 4.724253141367865203e-05 1.029121262332873559e-05 1.101075186670301298e-05 1.173984195298051216e-05 1.247390335477848025e-05 1.320800879810637415e-05 1.393693177984990915e-05 1.465520334918233747e-05 1.535717642783993676e-05 1.603709671570553206e-05 1.668917901409704596e-05 1.730768760714181020e-05 1.788701917882683790e-05 1.842178661625928706e-05 1.890690196388737608e-05 1.933765675323150817e-05 1.970979794093233033e-05 2.001959774590492374e-05 2.026391578366980596e-05 2.044025205034930888e-05 2.054678950651879857e-05 2.058242524665746440e-05 2.054678950651879857e-05 2.044025205034930888e-05 2.026391578366980596e-05 2.001959774590492374e-05 1.970979794093233033e-05 1.933765675323150817e-05 1.890690196388737608e-05 1.842178661625928706e-05 1.788701917882683790e-05 1.730768760714181020e-05 1.668917901409704596e-05 1.603709671570553206e-05 1.535717642783993676e-05 1.465520334918233747e-05 1.393693177984990915e-05 1.320800879810637415e-05 1.247390335477848025e-05 1.173984195298051216e-05 1.101075186670301298e-05 1.029121262332873559e-05 4.724253141367865203e-05 6.141915934986750527e-05 7.970115060376284702e-05 1.024759931611744188e-04 1.298834716687420577e-04 1.617200664756958688e-04 1.973613193048648936e-04 2.357201357184911868e-04 2.752571308023763061e-04 3.140533281591487906e-04 3.499462186881372198e-04 3.807188164043253244e-04 4.043201763905076196e-04 4.190874616616471239e-04 4.239363211675831167e-04 4.184893288607377114e-04 4.031213476052930111e-04 3.789142326518666281e-04 3.475284589893462019e-04 3.097264062573633304e-04 2.704644226824402006e-04 2.304298667229403381e-04 1.915420376232398949e-04 1.553410187102709109e-04 1.229150057788170930e-04 9.488998417158884863e-05 7.147144352633946914e-05 5.252202288169433145e-05 3.765711517380648858e-05
0.000000000000000000e+00 4.104956480398483110e-05 5.725362051679836037e-05 7.791015427303773567e-05 1.034384215711283832e-04 1.339881579300939752e-04 1.693353615865873091e-04 2.087976535061726927e-04 2.511888046431246533e-04 2.948299888303128574e-04 3.376290012255281315e-04 3.789142326518666281e-04 4.131385711565163567e-04 4.395387724918177518e-04 4.563048527875103000e-04 4.622575709245721476e-04 4.569883643937728830e-04 4.409087247622333564e-04 4.152007452044920903e-04 3.816771087435389385e-04 3.425735575761672453e-04 3.003068187590922302e-04 2.572342183927341379e-04 2.154475923883982760e-04 1.766249688074957426e-04 1.419513181285765114e-04 1.121072743438079140e-04 8.731458802923334963e-05 6.742075401834258402e-05 5.200322466154355628e-05 1.176020318542379397e-05 1.258245105957476759e-05 1.341561308517172732e-05 1.425445604291529370e-05 1.509334932877466349e-05 1.592632039696509596e-05 1.674711964646407287e-05 1.754929392250584853e-05 1.832626754338560909e-05 1.907142951830378814e-05 1.977822540255637723e-05 2.044025205034930888e-05 2.105135338032260904e-05 2.160571517084096507e-05 2.209795685616949235e-05 2.252321830408729193e-05 2.287723962175235303e-05 2.315643215922515342e-05 2.335793905651819424e-05 2.347968390596102771e-05 2.352040637084759810e-05 2.347968390596102771e-05 2.335793905651819424e-05 2.315643215922515342e-05 2.287723962175235303e-05 2.252321830408729193e-05 2.209795685616949235e-05 2.160571517084096507e-05 2.105135338032260904e-05 2.044025205034930888e-05 1.977822540255637723e-05 1.907142951830378814e-05 1.832626754338560909e-05 1.754929392250584853e-05 1.674711964646407287e-05 1.592632039696509596e-05 1.509334932877466349e-05 1.425445604291529370e-05 1.341561308517172732e-05 1.258245105957476759e-05 1.176020318542379397e-05 5.200322466154355628e-05 6.742075401834258402e-05 8.731458802923334963e-05 1.121072743438079140e-04 1.419513181285765114e-04 1.766249688074957426e-04 2.154475923883982760e-04 2.572342183927341379e-04 3.003068187590922302e-04 3.425735575761672453e-04 3.816771087435389385e-04 4.152007452044920903e-04 4.409087247622333564e-04 4.569883643937728830e-04 4.622575709245721476e-04 4.563048527875103000e-04 4.395387724918177518e-04 4.131385711565163567e-04 3.789142326518666281e-04 3.376290012255281315e-04 2.948299888303128574e-04 2.511888046431246533e-04 2.087976535061726927e-04 1.693353615865873091e-04 1.339881579300939752e-04 1.034384215711283832e-04 7.791015427303773567e-05 5.725362051679836037e-05 4.104956480398483110e-05
0.000000000000000000e+00 4.365829580134296829e-05 6.089213155257559471e-05 8.286140370604754620e-05 1.100120117652979269e-04 1.425032070552243802e-04 1.800967523304155540e-04 2.220669028509141593e-04 2.671520438148649234e-04 3.135666583780916138e-04 3.590855804928095641e-04 4.031213476052930111e-04 4.395387724918177518e-04 4.676368415158522335e-04 4.854906752421063584e-04 4.918462152692813436e-04 4.862690504910424476e-04 4.691969275915605945e-04 4.418871528605427656e-04 4.062676794977304671e-04 3.647163850688313769e-04 3.198036100554808641e-04 2.740364922853220074e-04 2.296397776718192899e-04 1.883980741854264051e-04 1.515715633860031356e-04 1.198840027792044173e-04 9.357106598392528958e-05 7.247034763218816126e-05 5.613219915612144853e-05 1.339238572999005795e-05 1.432875226402603735e-05 1.527754770968672011e-05 1.623281253631078018e-05 1.718813467602112397e-05 1.813671266155752768e-05 1.907142951830378814e-05 1.998493646695433657e-05 2.086974519591796603e-05 2.171832718400764067e-05 2.252321830408729193e-05 2.327712672649996124e-05 2.397304197575823951e-05 2.460434288234393389e-05 2.516490211914952502e-05 2.564918502283849579e-05 2.605234047585705586e-05 2.637028176443995578e-05 2.659975552890235721e-05 2.673839717978803172e-05 2.678477145998012945e-05 2.673839717978803172e-05 2.659975552890235721e-05 2.637028176443995578e-05 2.605234047585705586e-05 2.564918502283849579e-05 2.516490211914952502e-05 2.460434288234393389e-05 2.397304197575823951e-05 2.327712672649996124e-05 2.252321830408729193e-05 2.171832718400764067e-05 2.086974519591796603e-05 1.998493646695433657e-05 1.907142951830378814e-05 1.813671266155752768e-05 1.718813467602112397e-05 1.623281253631078018e-05 1.527754770968672011e-05 1.432875226402603735e-05 1.339238572999005795e-05 5.613219915612144853e-05 7.247034763218816126e-05 9.357106598392528958e-05 1.198840027792044173e-04 1.515715633860031356e-04 1.883980741854264051e-04 2.296397776718192899e-04 2.740364922853220074e-04 3.198036100554808641e-04 3.647163850688313769e-04 4.062676794977304671e-04 4.418871528605427656e-04 4.691969275915605945e-04 4.862690504910424476e-04 4.918462152692813436e-04 4.854906752421063584e-04 4.676368415158522335e-04 4.395387724918177518e-04 4.031213476052930111e-04 3.590855804928095641e-04 3.135666583780916138e-04 2.671520438148649234e-04 2.220669028509141593e-04 1.800967523304155540e-04 1.425032070552243802e-04 1.100120117652979269e-04 8.286140370604754620e-05 6.089213155257559471e-05 4.365829580134296829e-05
0.000000000000000000e+00 4.530245234071696072e-05 6.318530847235611031e-05 8.598193592711550102e-05 1.141550266318571680e-04 1.478698292620950444e-04 1.868791346389564619e-04 2.304298667229403381e-04 2.772128987287625682e-04 3.253754718564714652e-04 3.726086210633488280e-04 4.184893288607377114e-04 4.563048527875103000e-04 4.854906752421063584e-04 5.040496181379438374e-04 5.106805786380629302e-04 5.049329562970707565e-04 4.872611369366162438e-04 4.589699092556789851e-04 4.220599395985111572e-04 3.789987324593438477e-04 3.324534685178495946e-04 2.850257063004451620e-04 2.390239340609508917e-04 1.962998791651329863e-04 1.581610418854237918e-04 1.253582430510092249e-04 9.813578251247768839e-05 7.632483223254607095e-05 5.945844566347324657e-05 1.519833187555449438e-05 1.626096624319916739e-05 1.733770554535904809e-05 1.842178661625928706e-05 1.950593272884242849e-05 2.058242524665746440e-05 2.164318748013258696e-05 2.267987967643977175e-05 2.368400373471439346e-05 2.464701592228332112e-05 2.556044558398007892e-05 2.641601759621274153e-05 2.720577612981005971e-05 2.792220715898373475e-05 2.855835709437582135e-05 2.910794493035337934e-05 2.956546538234384972e-05 2.992628064843966959e-05 3.018669865754933037e-05 3.034403595834230774e-05 3.039666375110900570e-05 3.034403595834230774e-05 3.018669865754933037e-05 2.992628064843966959e-05 2.956546538234384972e-05 2.910794493035337934e-05 2.855835709437582135e-05 2.792220715898373475e-05 2.720577612981005971e-05 2.641601759621274153e-05 2.556044558398007892e-05 2.464701592228332112e-05 2.368400373471439346e-05 2.267987967643977175e-05 2.164318748013258696e-05 2.058242524665746440e-05 1.950593272884242849e-05 1.842178661625928706e-05 1.733770554535904809e-05 1.626096624319916739e-05 1.519833187555449438e-05 5.945844566347324657e-05 7.632483223254607095e-05 9.813578251247768839e-05 1.253582430510092249e-04 1.581610418854237918e-04 1.962998791651329863e-04 2.390239340609508917e-04 2.850257063004451620e-04 3.324534685178495946e-04 3.789987324593438477e-04 4.220599395985111572e-04 4.589699092556789851e-04 4.872611369366162438e-04 5.049329562970707565e-04 5.106805786380629302e-04 5.040496181379438374e-04 4.854906752421063584e-04 4.563048527875103000e-04 4.184893288607377114e-04 3.726086210633488280e-04 3.253754718564714652e-04 2.772128987287625682e-04 2.304298667229403381e-04 1.868791346389564619e-04 1.478698292620950444e-04 1.141550266318571680e-04 8.598193592711550102e-05 6.318530847235611031e-05 4.530245234071696072e-05
0.000000000000000000e+00 4.586415077895433123e-05 6.396873381148657255e-05 8.704801329448747004e-05 1.155704180039138240e-04 1.497032455092833130e-04 1.891962215215026752e-04 2.332869327221067193e-04 2.806500206554987599e-04 3.294097544380848296e-04 3.772285405094523685e-04 4.239363211675831167e-04 4.622575709245721476e-04 4.918462152692813436e-04 5.106805786380629302e-04 5.174436792443493777e-04 5.116795655905695146e-04 4.938484701412728826e-04 4.652715431071221121e-04 4.279744050006654564e-04 3.844552609264345025e-04 3.374144197426945596e-04 2.894857001129207325e-04 2.430061563862583919e-04 1.998503529742285192e-04 1.613418088725333105e-04 1.282403869316696800e-04 1.007930712160682891e-04 7.882851617564058558e-05 6.187348138817382515e-05 1.718813467602112397e-05 1.838989173541411026e-05 1.960760038186476866e-05 2.083361199938502974e-05 2.205969717400449437e-05 2.327712672649996124e-05 2.447676654733669125e-05 2.564918502283849579e-05 2.678477145998012945e-05 2.787386355969982170e-05 2.890688166792846145e-05 2.987446726164368633e-05 3.076762291505070953e-05 3.157785084771771365e-05 3.229728708935210735e-05 3.291882830969349120e-05 3.343624845884121167e-05 3.384430254251303156e-05 3.413881511463534541e-05 3.431675139986286422e-05 3.437626935204225471e-05 3.431675139986286422e-05 3.413881511463534541e-05 3.384430254251303156e-05 3.343624845884121167e-05 3.291882830969349120e-05 3.229728708935210735e-05 3.157785084771771365e-05 3.076762291505070953e-05 2.987446726164368633e-05 2.890688166792846145e-05 2.787386355969982170e-05 2.678477145998012945e-05 2.564918502283849579e-05 2.447676654733669125e-05 2.327712672649996124e-05 2.205969717400449437e-05 2.083361199938502974e-05 1.960760038186476866e-05 1.838989173541411026e-05 1.718813467602112397e-05 6.187348138817382515e-05 7.882851617564058558e-05 1.007930712160682891e-04 1.282403869316696800e-04 1.613418088725333105e-04 1.998503529742285192e-04 2.430061563862583919e-04 2.894857001129207325e-04 3.374144197426945596e-04 3.844552609264345025e-04 4.279744050006654564e-04 4.652715431071221121e-04 4.938484701412728826e-04 5.116795655905695146e-04 5.174436792443493777e-04 5.106805786380629302e-04 4.918462152692813436e-04 4.622575709245721476e-04 4.239363211675831167e-04 3.772285405094523685e-04 3.294097544380848296e-04 2.806500206554987599e-04 2.332869327221067193e-04 1.891962215215026752e-04 1.497032455092833130e-04 1.155704180039138240e-04 8.704801329448747004e-05 6.396873381148657255e-05 4.586415077895433123e-05
