1.374015430597846086e-04 1.374015430597846086e-04 1.374015430597846086e-04 1.374015430597846086e-04 1.374015430597846086e-04 1.374015430597846086e-04 1.374015430597846086e-04 1.374015430597846086e-04 1.374015430597846086e-04 1.374015430597846086e-04 1.374015430597846086e-04 1.374015430597846086e-04 1.374015430597846086e-04 1.374015430597846086e-04 1.374015430597846086e-04 1.374015430597846086e-04 1.374015430597846086e-04 1.374015430597846086e-04 1.374015430597846086e-04 1.374015430597846086e-04 1.374015430597846086e-04 1.374015430597846086e-04 1.374015430597846086e-04 1.374015430597846086e-04 1.374015430597846086e-04 1.374015430597846086e-04 1.374015430597846086e-04 1.374015430597846086e-04 1.374015430597846086e-04 1.374015430597846086e-04 1.374015430597846086e-04 1.374015430597846086e-04 1.374015430597846086e-04 1.374015430597846086e-04 1.374015430597846086e-04 1.374015430597846086e-04 1.374015430597846086e-04 1.374015430597846086e-04 1.374015430597846086e-04 1.374015430597846086e-04 1.374015430597846086e-04 1.374015430597846086e-04 1.374015430597846086e-04 1.374015430597846086e-04 1.374015430597846086e-04 1.374015430597846086e-04 1.374015430597846086e-04 1.374015430597846086e-04 1.374015430597846086e-04 1.374015430597846086e-04 1.374015430597846086e-04 1.374015430597846086e-04 1.374015430597846086e-04 1.374015430597846086e-04 1.374015430597846086e-04 1.374015430597846086e-04 1.374015430597846086e-04 1.374015430597846086e-04 1.374015430597846086e-04 1.374015430597846086e-04 1.374015430597846086e-04 1.374015430597846086e-04 1.374015430597846086e-04 1.374015430597846086e-04 1.374015430597846086e-04 1.374015430597846086e-04 1.374015430597846086e-04 1.374015430597846086e-04 1.374015430597846086e-04 1.374015430597846086e-04 1.374015430597846086e-04 1.374015430597846086e-04 1.374015430597846086e-04 1.374015430597846086e-04 1.374015430597846086e-04 1.374015430597846086e-04 1.374015430597846086e-04 1.374015430597846086e-04 1.374015430597846086e-04 1.374015430597846086e-04 1.374015430597846086e-04 1.374015430597846086e-04 1.374015430597846086e-04 1.374015430597846086e-04 1.374015430597846086e-04 1.374015430597846086e-04 1.374015430597846086e-04 1.374015430597846086e-04 1.374015430597846086e-04 1.374015430597846086e-04 1.374015430597846086e-04 1.374015430597846086e-04 1.374015430597846086e-04 1.374015430597846086e-04 1.374015430597846086e-04 1.374015430597846086e-04 1.374015430597846086e-04 1.374015430597846086e-04 1.374015430597846086e-04 1.374015430597846086e-04
1.374015430597846086e-04 1.367330176062242519e-04 1.366570891713847567e-04 1.365743738463023145e-04 1.364845044408657092e-04 1.363871235510704912e-04 1.362818879560326552e-04 1.361684733216062622e-04 1.360465791774209123e-04 1.359159341262265546e-04 1.357763012364443132e-04 1.356274835609404294e-04 1.354693297174344128e-04 1.353017394588146532e-04 1.351246691551505092e-04 1.349381371035621472e-04 1.347422285775265135e-04 1.345371005238495555e-04 1.343229858135963151e-04 1.341001969528958938e-04 1.338691291608659780e-04 1.336302627250322199e-04 1.333841645496275136e-04 1.331314888190776190e-04 1.328729767078063730e-04 1.326094550781752881e-04 1.323418341208126891e-04 1.320711039056431937e-04 1.317983298274107726e-04 1.315246469461660956e-04 1.312512532407872888e-04 1.309794018118134030e-04 1.307103920883545415e-04 1.304455601122328013e-04 1.301862679904334369e-04 1.299338926240111011e-04 1.296898138374266468e-04 1.294554020465063298e-04 1.292320056154743792e-04 1.290209380634872477e-04 1.288234652885186749e-04 1.286407929810752960e-04 1.284740544018907107e-04 1.283242986963368973e-04 1.281924799137573972e-04 1.280794468922900919e-04 1.279859341590980056e-04 1.279125539824241340e-04 1.278597896957592750e-04 1.278279903959441376e-04 1.278173670965659947e-04 1.278279903959441376e-04 1.278597896957592750e-04 1.279125539824241340e-04 1.279859341590980056e-04 1.280794468922900919e-04 1.281924799137573972e-04 1.283242986963368973e-04 1.284740544018907107e-04 1.286407929810752960e-04 1.288234652885186749e-04 1.290209380634872477e-04 1.292320056154743792e-04 1.294554020465063298e-04 1.296898138374266468e-04 1.299338926240111011e-04 1.301862679904334369e-04 1.304455601122328013e-04 1.307103920883545415e-04 1.309794018118134030e-04 1.312512532407872888e-04 1.315246469461660956e-04 1.317983298274107726e-04 1.320711039056431937e-04 1.323418341208126891e-04 1.326094550781752881e-04 1.328729767078063730e-04 1.331314888190776190e-04 1.333841645496275136e-04 1.336302627250322199e-04 1.338691291608659780e-04 1.341001969528958938e-04 1.343229858135963151e-04 1.345371005238495555e-04 1.347422285775265135e-04 1.349381371035621472e-04 1.351246691551505092e-04 1.353017394588146532e-04 1.354693297174344128e-04 1.356274835609404294e-04 1.357763012364443132e-04 1.359159341262265546e-04 1.360465791774209123e-04 1.361684733216062622e-04 1.362818879560326552e-04 1.363871235510704912e-04 1.364845044408657092e-04 1.365743738463023145e-04 1.366570891713847567e-04 1.367330176062242519e-04
1.374015430597846086e-04 1.366570891713847567e-04 1.365725370900013047e-04 1.364804272906511794e-04 1.363803508792458435e-04 1.362719098592699951e-04 1.361547220281908010e-04 1.360284262152931540e-04 1.358926878239892857e-04 1.357472046328200203e-04 1.355917128004697819e-04 1.354259930113406072e-04 1.352498766897609536e-04 1.350632522029550169e-04 1.348660709656799260e-04 1.346583533531692993e-04 1.344401943239189017e-04 1.342117686501223311e-04 1.339733356514044430e-04 1.337252433270848381e-04 1.334679317836805830e-04 1.332019358578446979e-04 1.329278868405149474e-04 1.326465132157556362e-04 1.323586403376035884e-04 1.320651889801249281e-04 1.317671727097423687e-04 1.314656940445443727e-04 1.311619393825291476e-04 1.308571726993071772e-04 1.305527280353839384e-04 1.302500008134227830e-04 1.299504380464708828e-04 1.296555275186122387e-04 1.293667860394703915e-04 1.290857468929893794e-04 1.288139466185480621e-04 1.285529112782958635e-04 1.283041423782477111e-04 1.280691026217881524e-04 1.278492016824962806e-04 1.276457821883619206e-04 1.274601061113192783e-04 1.272933417544561986e-04 1.271465515242071825e-04 1.270206806663352124e-04 1.269165471326469982e-04 1.268348327303525137e-04 1.267760756880183736e-04 1.267406647515017517e-04 1.267288349004652747e-04 1.267406647515017517e-04 1.267760756880183736e-04 1.268348327303525137e-04 1.269165471326469982e-04 1.270206806663352124e-04 1.271465515242071825e-04 1.272933417544561986e-04 1.274601061113192783e-04 1.276457821883619206e-04 1.278492016824962806e-04 1.280691026217881524e-04 1.283041423782477111e-04 1.285529112782958635e-04 1.288139466185480621e-04 1.290857468929893794e-04 1.293667860394703915e-04 1.296555275186122387e-04 1.299504380464708828e-04 1.302500008134227830e-04 1.305527280353839384e-04 1.308571726993071772e-04 1.311619393825291476e-04 1.314656940445443727e-04 1.317671727097423687e-04 1.320651889801249281e-04 1.323586403376035884e-04 1.326465132157556362e-04 1.329278868405149474e-04 1.332019358578446979e-04 1.334679317836805830e-04 1.337252433270848381e-04 1.339733356514044430e-04 1.342117686501223311e-04 1.344401943239189017e-04 1.346583533531692993e-04 1.348660709656799260e-04 1.350632522029550169e-04 1.352498766897609536e-04 1.354259930113406072e-04 1.355917128004697819e-04 1.357472046328200203e-04 1.358926878239892857e-04 1.360284262152931540e-04 1.361547220281908010e-04 1.362719098592699951e-04 1.363803508792458435e-04 1.364804272906511794e-04 1.365725370900013047e-04 1.366570891713847567e-04
1.374015430597846086e-04 1.365743738463023145e-04 1.364804272906511794e-04 1.363780832885986075e-04 1.362668875143536345e-04 1.361463977505142137e-04 1.360161893285099892e-04 1.358758609484067873e-04 1.357250408370154970e-04 1.355633931934347098e-04 1.353906248612758028e-04 1.352064921570634952e-04 1.350108077748977215e-04 1.348034476786268523e-04 1.345843578847635022e-04 1.343535610324075489e-04 1.341111626307725003e-04 1.338573568707681824e-04 1.335924318846933229e-04 1.333167743376294939e-04 1.330308732357693305e-04 1.327353228407863941e-04 1.324308245855519435e-04 1.321181878950685611e-04 1.317983298274107726e-04 1.314722734626805236e-04 1.311411449833772293e-04 1.308061694069724665e-04 1.304686649506376413e-04 1.301300360287064694e-04 1.297917649052288689e-04 1.294554020465063298e-04 1.291225552413660291e-04 1.287948775796899888e-04 1.284740544018907107e-04 1.281617893531418592e-04 1.278597896957592750e-04 1.275697510507176145e-04 1.272933417544561986e-04 1.270321870294729765e-04 1.267878531763863418e-04 1.265618320008750114e-04 1.263555256909705234e-04 1.261702323584313983e-04 1.260071324523204348e-04 1.258672762434555662e-04 1.257515725652289082e-04 1.256607789795826475e-04 1.255954935169752444e-04 1.255561481163217812e-04 1.255430038655764929e-04 1.255561481163217812e-04 1.255954935169752444e-04 1.256607789795826475e-04 1.257515725652289082e-04 1.258672762434555662e-04 1.260071324523204348e-04 1.261702323584313983e-04 1.263555256909705234e-04 1.265618320008750114e-04 1.267878531763863418e-04 1.270321870294729765e-04 1.272933417544561986e-04 1.275697510507176145e-04 1.278597896957592750e-04 1.281617893531418592e-04 1.284740544018907107e-04 1.287948775796899888e-04 1.291225552413660291e-04 1.294554020465063298e-04 1.297917649052288689e-04 1.301300360287064694e-04 1.304686649506376413e-04 1.308061694069724665e-04 1.311411449833772293e-04 1.314722734626805236e-04 1.317983298274107726e-04 1.321181878950685611e-04 1.324308245855519435e-04 1.327353228407863941e-04 1.330308732357693305e-04 1.333167743376294939e-04 1.335924318846933229e-04 1.338573568707681824e-04 1.341111626307725003e-04 1.343535610324075489e-04 1.345843578847635022e-04 1.348034476786268523e-04 1.350108077748977215e-04 1.352064921570634952e-04 1.353906248612758028e-04 1.355633931934347098e-04 1.357250408370154970e-04 1.358758609484067873e-04 1.360161893285099892e-04 1.361463977505142137e-04 1.362668875143536345e-04 1.363780832885986075e-04 1.364804272906511794e-04 1.365743738463023145e-04
1.374015430597846086e-04 1.364845044408657092e-04 1.363803508792458435e-04 1.362668875143536345e-04 1.361436106592904148e-04 1.360100300510857455e-04 1.358656748822277267e-04 1.357101002527716740e-04 1.355428939975083711e-04 1.353636838317954139e-04 1.351721447486990560e-04 1.349680065892796719e-04 1.347510616974239553e-04 1.345211725608317212e-04 1.342782793308747462e-04 1.340224071063219322e-04 1.337536728596401211e-04 1.334722918799876397e-04 1.331785836043563199e-04 1.328729767078063730e-04 1.325560133255578163e-04 1.322283522839976498e-04 1.318907712245336028e-04 1.315441675137193802e-04 1.311895578451847933e-04 1.308280764535561748e-04 1.304609718776174408e-04 1.300896022292421226e-04 1.297154289458660778e-04 1.293400090271454100e-04 1.289649857805861145e-04 1.285920781259117371e-04 1.282230685332886721e-04 1.278597896957592750e-04 1.275041100608177637e-04 1.271579183694760090e-04 1.268231073728793071e-04 1.265015569160357763e-04 1.261951165950369095e-04 1.259055882078348378e-04 1.256347082288201099e-04 1.253841305437963175e-04 1.251554096842365444e-04 1.249499847977719887e-04 1.247691645856461890e-04 1.246141134273895477e-04 1.244858388983628836e-04 1.243851808672966400e-04 1.243128023388297186e-04 1.242691821807194702e-04 1.242546098473277681e-04 1.242691821807194702e-04 1.243128023388297186e-04 1.243851808672966400e-04 1.244858388983628836e-04 1.246141134273895477e-04 1.247691645856461890e-04 1.249499847977719887e-04 1.251554096842365444e-04 1.253841305437963175e-04 1.256347082288201099e-04 1.259055882078348378e-04 1.261951165950369095e-04 1.265015569160357763e-04 1.268231073728793071e-04 1.271579183694760090e-04 1.275041100608177637e-04 1.278597896957592750e-04 1.282230685332886721e-04 1.285920781259117371e-04 1.289649857805861145e-04 1.293400090271454100e-04 1.297154289458660778e-04 1.300896022292421226e-04 1.304609718776174408e-04 1.308280764535561748e-04 1.311895578451847933e-04 1.315441675137193802e-04 1.318907712245336028e-04 1.322283522839976498e-04 1.325560133255578163e-04 1.328729767078063730e-04 1.331785836043563199e-04 1.334722918799876397e-04 1.337536728596401211e-04 1.340224071063219322e-04 1.342782793308747462e-04 1.345211725608317212e-04 1.347510616974239553e-04 1.349680065892796719e-04 1.351721447486990560e-04 1.353636838317954139e-04 1.355428939975083711e-04 1.357101002527716740e-04 1.358656748822277267e-04 1.360100300510857455e-04 1.361436106592904148e-04 1.362668875143536345e-04 1.363803508792458435e-04 1.364845044408657092e-04
1.374015430597846086e-04 1.363871235510704912e-04 1.362719098592699951e-04 1.361463977505142137e-04 1.360100300510857455e-04 1.358622644366904483e-04 1.357025801044799650e-04 1.355304849103133175e-04 1.353455229209064858e-04 1.351472823184840597e-04 1.349354035834279158e-04 1.347095878684560094e-04 1.344696054663258012e-04 1.342153042622221625e-04 1.339466180521545885e-04 1.336635746001454701e-04 1.333663033000392689e-04 1.330550423026812207e-04 1.327301449662719355e-04 1.323920854871375263e-04 1.320414635701674467e-04 1.316790080029241943e-04 1.313055790050304892e-04 1.309221692349411966e-04 1.305299033496023662e-04 1.301300360287064694e-04 1.297239483941316652e-04 1.293131427764791026e-04 1.288992358041165490e-04 1.284839498154423713e-04 1.280691026217881524e-04 1.276565956760103611e-04 1.272484007298686120e-04 1.268465450911963129e-04 1.264530956190657561e-04 1.260701416210478602e-04 1.256997768406854787e-04 1.253440807448737572e-04 1.250050993394402924e-04 1.246848257563598432e-04 1.243851808672966400e-04 1.241079941851957395e-04 1.238549853181745823e-04 1.236277462378284351e-04 1.234277246171834315e-04 1.232562084819418342e-04 1.231143124025060322e-04 1.230029654337789406e-04 1.229229009852659410e-04 1.228746487759833786e-04 1.228585289976283032e-04 1.228746487759833786e-04 1.229229009852659410e-04 1.230029654337789406e-04 1.231143124025060322e-04 1.232562084819418342e-04 1.234277246171834315e-04 1.236277462378284351e-04 1.238549853181745823e-04 1.241079941851957395e-04 1.243851808672966400e-04 1.246848257563598432e-04 1.250050993394402924e-04 1.253440807448737572e-04 1.256997768406854787e-04 1.260701416210478602e-04 1.264530956190657561e-04 1.268465450911963129e-04 1.272484007298686120e-04 1.276565956760103611e-04 1.280691026217881524e-04 1.284839498154423713e-04 1.288992358041165490e-04 1.293131427764791026e-04 1.297239483941316652e-04 1.301300360287064694e-04 1.305299033496023662e-04 1.309221692349411966e-04 1.313055790050304892e-04 1.316790080029241943e-04 1.320414635701674467e-04 1.323920854871375263e-04 1.327301449662719355e-04 1.330550423026812207e-04 1.333663033000392689e-04 1.336635746001454701e-04 1.339466180521545885e-04 1.342153042622221625e-04 1.344696054663258012e-04 1.347095878684560094e-04 1.349354035834279158e-04 1.351472823184840597e-04 1.353455229209064858e-04 1.355304849103133175e-04 1.357025801044799650e-04 1.358622644366904483e-04 1.360100300510857455e-04 1.361463977505142137e-04 1.362719098592699951e-04 1.363871235510704912e-04
1.374015430597846086e-04 1.362818879560326552e-04 1.361547220281908010e-04 1.360161893285099892e-04 1.358656748822277267e-04 1.357025801044799650e-04 1.355263301644770194e-04 1.353363818631828726e-04 1.351322319689226875e-04 1.349134259420605808e-04 1.346795669665142264e-04 1.344303251926684463e-04 1.341654470835158255e-04 1.338847647438930156e-04 1.335882051018261163e-04 1.332757988015694601e-04 1.329476886602485501e-04 1.326041375344104347e-04 1.322455354395363149e-04 1.318724057649460035e-04 1.314854104287458184e-04 1.310853538227153988e-04 1.306731854054196012e-04 1.302500008134227830e-04 1.298170413752667185e-04 1.293756919307629985e-04 1.289274768789856892e-04 1.284740544018907107e-04 1.280172088364187706e-04 1.275588411958702311e-04 1.271009578708138079e-04 1.266456575702915033e-04 1.261951165950369095e-04 1.257515725652289082e-04 1.253173067553196385e-04 1.248946252170608632e-04 1.244858388983628836e-04 1.240932429894325904e-04 1.237190957481678027e-04 1.233655970734947129e-04 1.230348671077647965e-04 1.227289251570823261e-04 1.224496692212281087e-04 1.221988564224837503e-04 1.219780846150686851e-04 1.217887754441099318e-04 1.216321591052304998e-04 1.215092610332280646e-04 1.214208907213042631e-04 1.213676328413774649e-04 1.213498408017414019e-04 1.213676328413774649e-04 1.214208907213042631e-04 1.215092610332280646e-04 1.216321591052304998e-04 1.217887754441099318e-04 1.219780846150686851e-04 1.221988564224837503e-04 1.224496692212281087e-04 1.227289251570823261e-04 1.230348671077647965e-04 1.233655970734947129e-04 1.237190957481678027e-04 1.240932429894325904e-04 1.244858388983628836e-04 1.248946252170608632e-04 1.253173067553196385e-04 1.257515725652289082e-04 1.261951165950369095e-04 1.266456575702915033e-04 1.271009578708138079e-04 1.275588411958702311e-04 1.280172088364187706e-04 1.284740544018907107e-04 1.289274768789856892e-04 1.293756919307629985e-04 1.298170413752667185e-04 1.302500008134227830e-04 1.306731854054196012e-04 1.310853538227153988e-04 1.314854104287458184e-04 1.318724057649460035e-04 1.322455354395363149e-04 1.326041375344104347e-04 1.329476886602485501e-04 1.332757988015694601e-04 1.335882051018261163e-04 1.338847647438930156e-04 1.341654470835158255e-04 1.344303251926684463e-04 1.346795669665142264e-04 1.349134259420605808e-04 1.351322319689226875e-04 1.353363818631828726e-04 1.355263301644770194e-04 1.357025801044799650e-04 1.358656748822277267e-04 1.360161893285099892e-04 1.361547220281908010e-04 1.362818879560326552e-04
1.374015430597846086e-04 1.361684733216062622e-04 1.360284262152931540e-04 1.358758609484067873e-04 1.357101002527716740e-04 1.355304849103133175e-04 1.353363818631828726e-04 1.351271928894004113e-04 1.349023637828112242e-04 1.346613939615237806e-04 1.344038464142645307e-04 1.341293578795459064e-04 1.338376491385170409e-04 1.335285352891984101e-04 1.332019358578446979e-04 1.328578845927971840e-04 1.324965387777363873e-04 1.321181878950685611e-04 1.317232614666041855e-04 1.313123358979966112e-04 1.308861401558564371e-04 1.304455601122328013e-04 1.299916414003926871e-04 1.295255906385946643e-04 1.290487748948357589e-04 1.285627192852505356e-04 1.280691026217881524e-04 1.275697510507176145e-04 1.270666296520683652e-04 1.265618320008750114e-04 1.260575677235528777e-04 1.255561481163217812e-04 1.250599699266862863e-04 1.245714974329038382e-04 1.240932429894325904e-04 1.236277462378284351e-04 1.231775522117585010e-04 1.227451885910217644e-04 1.223331423820770987e-04 1.219438363209830419e-04 1.215796053083401768e-04 1.212426731943689587e-04 1.209351302353321419e-04 1.206589115399114869e-04 1.204157768157859774e-04 1.202072917125727948e-04 1.200348110376494437e-04 1.198994640964718902e-04 1.198021423792560520e-04 1.197434897818291840e-04 1.197238955107164356e-04 1.197434897818291840e-04 1.198021423792560520e-04 1.198994640964718902e-04 1.200348110376494437e-04 1.202072917125727948e-04 1.204157768157859774e-04 1.206589115399114869e-04 1.209351302353321419e-04 1.212426731943689587e-04 1.215796053083401768e-04 1.219438363209830419e-04 1.223331423820770987e-04 1.227451885910217644e-04 1.231775522117585010e-04 1.236277462378284351e-04 1.240932429894325904e-04 1.245714974329038382e-04 1.250599699266862863e-04 1.255561481163217812e-04 1.260575677235528777e-04 1.265618320008750114e-04 1.270666296520683652e-04 1.275697510507176145e-04 1.280691026217881524e-04 1.285627192852505356e-04 1.290487748948357589e-04 1.295255906385946643e-04 1.299916414003926871e-04 1.304455601122328013e-04 1.308861401558564371e-04 1.313123358979966112e-04 1.317232614666041855e-04 1.321181878950685611e-04 1.324965387777363873e-04 1.328578845927971840e-04 1.332019358578446979e-04 1.335285352891984101e-04 1.338376491385170409e-04 1.341293578795459064e-04 1.344038464142645307e-04 1.346613939615237806e-04 1.349023637828112242e-04 1.351271928894004113e-04 1.353363818631828726e-04 1.355304849103133175e-04 1.357101002527716740e-04 1.358758609484067873e-04 1.360284262152931540e-04 1.361684733216062622e-04
1.374015430597846086e-04 1.360465791774209123e-04 1.358926878239892857e-04 1.357250408370154970e-04 1.355428939975083711e-04 1.353455229209064858e-04 1.351322319689226875e-04 1.349023637828112242e-04 1.346553093708016452e-04 1.343905186663712104e-04 1.341075114578388176e-04 1.338058885737867317e-04 1.334853431934031396e-04 1.331456721363679524e-04 1.327867869737666968e-04 1.324087247901065774e-04 1.320116584172232428e-04 1.315959059540797974e-04 1.311619393825291476e-04 1.307103920883545415e-04 1.302420650995904903e-04 1.297579318604744839e-04 1.292591413695318614e-04 1.287470195243252099e-04 1.282230685332886721e-04 1.276889642767190349e-04 1.271465515242071825e-04 1.265978369442826443e-04 1.260449798734237625e-04 1.254902808453870595e-04 1.249361679174782597e-04 1.243851808672966400e-04 1.238399533709459818e-04 1.233031933109828980e-04 1.227776613986996366e-04 1.222661483299310723e-04 1.217714507256562035e-04 1.212963461374828107e-04 1.208435674229474226e-04 1.204157768157859774e-04 1.200155400313710299e-04 1.196453007568966793e-04 1.193073558792730193e-04 1.190038318008364196e-04 1.187366621837917098e-04 1.185075674488239545e-04 1.183180363317339414e-04 1.181693097745848488e-04 1.180623673951603918e-04 1.179979167411060437e-04 1.179763854936534612e-04 1.179979167411060437e-04 1.180623673951603918e-04 1.181693097745848488e-04 1.183180363317339414e-04 1.185075674488239545e-04 1.187366621837917098e-04 1.190038318008364196e-04 1.193073558792730193e-04 1.196453007568966793e-04 1.200155400313710299e-04 1.204157768157859774e-04 1.208435674229474226e-04 1.212963461374828107e-04 1.217714507256562035e-04 1.222661483299310723e-04 1.227776613986996366e-04 1.233031933109828980e-04 1.238399533709459818e-04 1.243851808672966400e-04 1.249361679174782597e-04 1.254902808453870595e-04 1.260449798734237625e-04 1.265978369442826443e-04 1.271465515242071825e-04 1.276889642767190349e-04 1.282230685332886721e-04 1.287470195243252099e-04 1.292591413695318614e-04 1.297579318604744839e-04 1.302420650995904903e-04 1.307103920883545415e-04 1.311619393825291476e-04 1.315959059540797974e-04 1.320116584172232428e-04 1.324087247901065774e-04 1.327867869737666968e-04 1.331456721363679524e-04 1.334853431934031396e-04 1.338058885737867317e-04 1.341075114578388176e-04 1.343905186663712104e-04 1.346553093708016452e-04 1.349023637828112242e-04 1.351322319689226875e-04 1.353455229209064858e-04 1.355428939975083711e-04 1.357250408370154970e-04 1.358926878239892857e-04 1.360465791774209123e-04
1.374015430597846086e-04 1.359159341262265546e-04 1.357472046328200203e-04 1.355633931934347098e-04 1.353636838317954139e-04 1.351472823184840597e-04 1.349134259420605808e-04 1.346613939615237806e-04 1.343905186663712104e-04 1.341001969528958938e-04 1.337899023076071739e-04 1.334591970711460746e-04 1.331077448391663218e-04 1.327353228407863941e-04 1.323418341208126891e-04 1.319273193394251823e-04 1.314919679928328814e-04 1.310361288509679105e-04 1.305603194039762192e-04 1.300652341084334673e-04 1.295517512271625012e-04 1.290209380634872477e-04 1.284740544018907107e-04 1.279125539824241340e-04 1.273380838558310852e-04 1.267524814900860511e-04 1.261577695266928340e-04 1.255561481163217812e-04 1.249499847977719887e-04 1.243418019213031597e-04 1.237342616564916038e-04 1.231301486652311623e-04 1.225323505615747083e-04 1.219438363209830419e-04 1.213676328413774649e-04 1.208067998963186781e-04 1.202644037558116475e-04 1.197434897818291840e-04 1.192470543328891453e-04 1.187780163341916424e-04 1.183391888863129964e-04 1.179332512957451692e-04 1.175627219142740573e-04 1.172299321710605684e-04 1.169370021712110280e-04 1.166858182176539209e-04 1.164780125894736583e-04 1.163149458798484433e-04 1.161976921608993008e-04 1.161270272017199021e-04 1.161034199203874801e-04 1.161270272017199021e-04 1.161976921608993008e-04 1.163149458798484433e-04 1.164780125894736583e-04 1.166858182176539209e-04 1.169370021712110280e-04 1.172299321710605684e-04 1.175627219142740573e-04 1.179332512957451692e-04 1.183391888863129964e-04 1.187780163341916424e-04 1.192470543328891453e-04 1.197434897818291840e-04 1.202644037558116475e-04 1.208067998963186781e-04 1.213676328413774649e-04 1.219438363209830419e-04 1.225323505615747083e-04 1.231301486652311623e-04 1.237342616564916038e-04 1.243418019213031597e-04 1.249499847977719887e-04 1.255561481163217812e-04 1.261577695266928340e-04 1.267524814900860511e-04 1.273380838558310852e-04 1.279125539824241340e-04 1.284740544018907107e-04 1.290209380634872477e-04 1.295517512271625012e-04 1.300652341084334673e-04 1.305603194039762192e-04 1.310361288509679105e-04 1.314919679928328814e-04 1.319273193394251823e-04 1.323418341208126891e-04 1.327353228407863941e-04 1.331077448391663218e-04 1.334591970711460746e-04 1.337899023076071739e-04 1.341001969528958938e-04 1.343905186663712104e-04 1.346613939615237806e-04 1.349134259420605808e-04 1.351472823184840597e-04 1.353636838317954139e-04 1.355633931934347098e-04 1.357472046328200203e-04 1.359159341262265546e-04
1.374015430597846086e-04 1.357763012364443132e-04 1.355917128004697819e-04 1.353906248612758028e-04 1.351721447486990560e-04 1.349354035834279158e-04 1.346795669665142264e-04 1.344038464142645307e-04 1.341075114578388176e-04 1.337899023076071739e-04 1.334504429628966058e-04 1.330886546285959160e-04 1.327041692815997059e-04 1.322967432127153105e-04 1.318662703538975951e-04 1.314127951869906304e-04 1.309365250190166596e-04 1.304378414009125782e-04 1.299173104618994170e-04 1.293756919307629985e-04 1.288139466185480621e-04 1.282332421447816330e-04 1.276349567015193343e-04 1.270206806663352124e-04 1.263922158968332535e-04 1.257515725652289082e-04 1.251009634217899148e-04 1.244427954100978118e-04 1.237796585947298540e-04 1.231143124025060322e-04 1.224496692212281087e-04 1.217887754441099318e-04 1.211347900930329730e-04 1.204909611984731846e-04 1.198606001575185114e-04 1.192470543328891453e-04 1.186536781943523791e-04 1.180838033384903890e-04 1.175407077525789313e-04 1.170275847125919866e-04 1.165475117233875755e-04 1.161034199203874801e-04 1.156980643561200043e-04 1.153339955915671025e-04 1.150135330012363457e-04 1.147387401823110847e-04 1.145114028323429513e-04 1.143330094271265103e-04 1.142047349911873576e-04 1.141274282084205315e-04 1.141016020706731807e-04 1.141274282084205315e-04 1.142047349911873576e-04 1.143330094271265103e-04 1.145114028323429513e-04 1.147387401823110847e-04 1.150135330012363457e-04 1.153339955915671025e-04 1.156980643561200043e-04 1.161034199203874801e-04 1.165475117233875755e-04 1.170275847125919866e-04 1.175407077525789313e-04 1.180838033384903890e-04 1.186536781943523791e-04 1.192470543328891453e-04 1.198606001575185114e-04 1.204909611984731846e-04 1.211347900930329730e-04 1.217887754441099318e-04 1.224496692212281087e-04 1.231143124025060322e-04 1.237796585947298540e-04 1.244427954100978118e-04 1.251009634217899148e-04 1.257515725652289082e-04 1.263922158968332535e-04 1.270206806663352124e-04 1.276349567015193343e-04 1.282332421447816330e-04 1.288139466185480621e-04 1.293756919307629985e-04 1.299173104618994170e-04 1.304378414009125782e-04 1.309365250190166596e-04 1.314127951869906304e-04 1.318662703538975951e-04 1.322967432127153105e-04 1.327041692815997059e-04 1.330886546285959160e-04 1.334504429628966058e-04 1.337899023076071739e-04 1.341075114578388176e-04 1.344038464142645307e-04 1.346795669665142264e-04 1.349354035834279158e-04 1.351721447486990560e-04 1.353906248612758028e-04 1.355917128004697819e-04 1.357763012364443132e-04
1.374015430597846086e-04 1.356274835609404294e-04 1.354259930113406072e-04 1.352064921570634952e-04 1.349680065892796719e-04 1.347095878684560094e-04 1.344303251926684463e-04 1.341293578795459064e-04 1.338058885737867317e-04 1.334591970711460746e-04 1.330886546285959160e-04 1.326937386094413206e-04 1.322740472919959091e-04 1.318293146514737954e-04 1.313594249075521235e-04 1.308644266151208740e-04 1.303445460635770168e-04 1.298001997411341794e-04 1.292320056154743792e-04 1.286407929810752960e-04 1.280276106270685074e-04 1.273937330877929219e-04 1.267406647515017517e-04 1.260701416210478602e-04 1.253841305437963175e-04 1.246848257563598432e-04 1.239746426227628128e-04 1.232562084819418342e-04 1.225323505615747083e-04 1.218060809594864757e-04 1.210805787405829767e-04 1.203591692455862185e-04 1.196453007568966793e-04 1.189425187157129750e-04 1.182544377321036801e-04 1.175847116750158795e-04 1.169370021712110280e-04 1.163149458798484433e-04 1.157221209419654142e-04 1.151620130305817198e-04 1.146379814468471666e-04 1.141532257199412897e-04 1.137107531728589810e-04 1.133133479124774097e-04 1.129635416902673308e-04 1.126635870597455851e-04 1.124154332285057771e-04 1.122207049668340063e-04 1.120806848921173418e-04 1.119962993992491569e-04 1.119681084529350915e-04 1.119962993992491569e-04 1.120806848921173418e-04 1.122207049668340063e-04 1.124154332285057771e-04 1.126635870597455851e-04 1.129635416902673308e-04 1.133133479124774097e-04 1.137107531728589810e-04 1.141532257199412897e-04 1.146379814468471666e-04 1.151620130305817198e-04 1.157221209419654142e-04 1.163149458798484433e-04 1.169370021712110280e-04 1.175847116750158795e-04 1.182544377321036801e-04 1.189425187157129750e-04 1.196453007568966793e-04 1.203591692455862185e-04 1.210805787405829767e-04 1.218060809594864757e-04 1.225323505615747083e-04 1.232562084819418342e-04 1.239746426227628128e-04 1.246848257563598432e-04 1.253841305437963175e-04 1.260701416210478602e-04 1.267406647515017517e-04 1.273937330877929219e-04 1.280276106270685074e-04 1.286407929810752960e-04 1.292320056154743792e-04 1.298001997411341794e-04 1.303445460635770168e-04 1.308644266151208740e-04 1.313594249075521235e-04 1.318293146514737954e-04 1.322740472919959091e-04 1.326937386094413206e-04 1.330886546285959160e-04 1.334591970711460746e-04 1.338058885737867317e-04 1.341293578795459064e-04 1.344303251926684463e-04 1.347095878684560094e-04 1.349680065892796719e-04 1.352064921570634952e-04 1.354259930113406072e-04 1.356274835609404294e-04
1.374015430597846086e-04 1.354693297174344128e-04 1.352498766897609536e-04 1.350108077748977215e-04 1.347510616974239553e-04 1.344696054663258012e-04 1.341654470835158255e-04 1.338376491385170409e-04 1.334853431934031396e-04 1.331077448391663218e-04 1.327041692815997059e-04 1.322740472919959091e-04 1.318169413359866033e-04 1.313325616732102027e-04 1.308207822017603921e-04 1.302816558050981825e-04 1.297154289458660778e-04 1.291225552413660291e-04 1.285037077498584477e-04 1.278597896957592750e-04 1.271919433656460395e-04 1.265015569160357763e-04 1.257902688483749590e-04 1.250599699266862863e-04 1.243128023388297186e-04 1.235511559332077897e-04 1.227776613986996366e-04 1.219951802962345800e-04 1.212067918951632178e-04 1.204157768157859774e-04 1.196255975302640588e-04 1.188398758267705015e-04 1.180623673951603918e-04 1.172969337455990801e-04 1.165475117233875755e-04 1.158180809325557635e-04 1.151126294265413560e-04 1.144351180653684470e-04 1.137894439741658802e-04 1.131794035667068351e-04 1.126086556190960170e-04 1.120806848921173418e-04 1.115987668055745061e-04 1.111659336638847145e-04 1.107849429190805994e-04 1.104582479353038575e-04 1.101879716880927476e-04 1.099758837927431078e-04 1.098233812094077315e-04 1.097314729192252754e-04 1.097007688066309707e-04 1.097314729192252754e-04 1.098233812094077315e-04 1.099758837927431078e-04 1.101879716880927476e-04 1.104582479353038575e-04 1.107849429190805994e-04 1.111659336638847145e-04 1.115987668055745061e-04 1.120806848921173418e-04 1.126086556190960170e-04 1.131794035667068351e-04 1.137894439741658802e-04 1.144351180653684470e-04 1.151126294265413560e-04 1.158180809325557635e-04 1.165475117233875755e-04 1.172969337455990801e-04 1.180623673951603918e-04 1.188398758267705015e-04 1.196255975302640588e-04 1.204157768157859774e-04 1.212067918951632178e-04 1.219951802962345800e-04 1.227776613986996366e-04 1.235511559332077897e-04 1.243128023388297186e-04 1.250599699266862863e-04 1.257902688483749590e-04 1.265015569160357763e-04 1.271919433656460395e-04 1.278597896957592750e-04 1.285037077498584477e-04 1.291225552413660291e-04 1.297154289458660778e-04 1.302816558050981825e-04 1.308207822017603921e-04 1.313325616732102027e-04 1.318169413359866033e-04 1.322740472919959091e-04 1.327041692815997059e-04 1.331077448391663218e-04 1.334853431934031396e-04 1.338376491385170409e-04 1.341654470835158255e-04 1.344696054663258012e-04 1.347510616974239553e-04 1.350108077748977215e-04 1.352498766897609536e-04 1.354693297174344128e-04
1.374015430597846086e-04 1.353017394588146532e-04 1.350632522029550169e-04 1.348034476786268523e-04 1.345211725608317212e-04 1.342153042622221625e-04 1.338847647438930156e-04 1.335285352891984101e-04 1.331456721363679524e-04 1.327353228407863941e-04 1.322967432127153105e-04 1.318293146514737954e-04 1.313325616732102027e-04 1.308061694069724665e-04 1.302500008134227830e-04 1.296641133628619416e-04 1.290487748948357589e-04 1.284044783710805535e-04 1.277319552274724934e-04 1.270321870294729765e-04 1.263064151397288472e-04 1.255561481163217812e-04 1.247831665758959816e-04 1.239895252776317157e-04 1.231775522117585010e-04 1.223498445098514578e-04 1.215092610332280646e-04 1.206589115399114869e-04 1.198021423792560520e-04 1.189425187157129750e-04 1.180838033384903890e-04 1.172299321710605684e-04 1.163849866525219203e-04 1.155531632205930841e-04 1.147387401823110847e-04 1.139460423121141765e-04 1.131794035667068351e-04 1.124431283507627512e-04 1.117414518060230949e-04 1.110784996276877425e-04 1.104582479353038575e-04 1.098844837399029050e-04 1.093607665543749717e-04 1.088903916896439585e-04 1.084763557649655519e-04 1.081213249366830059e-04 1.078276063163259726e-04 1.075971230065297463e-04 1.074313931325939110e-04 1.073315131894974820e-04 1.072981459599183207e-04 1.073315131894974820e-04 1.074313931325939110e-04 1.075971230065297463e-04 1.078276063163259726e-04 1.081213249366830059e-04 1.084763557649655519e-04 1.088903916896439585e-04 1.093607665543749717e-04 1.098844837399029050e-04 1.104582479353038575e-04 1.110784996276877425e-04 1.117414518060230949e-04 1.124431283507627512e-04 1.131794035667068351e-04 1.139460423121141765e-04 1.147387401823110847e-04 1.155531632205930841e-04 1.163849866525219203e-04 1.172299321710605684e-04 1.180838033384903890e-04 1.189425187157129750e-04 1.198021423792560520e-04 1.206589115399114869e-04 1.215092610332280646e-04 1.223498445098514578e-04 1.231775522117585010e-04 1.239895252776317157e-04 1.247831665758959816e-04 1.255561481163217812e-04 1.263064151397288472e-04 1.270321870294729765e-04 1.277319552274724934e-04 1.284044783710805535e-04 1.290487748948357589e-04 1.296641133628619416e-04 1.302500008134227830e-04 1.308061694069724665e-04 1.313325616732102027e-04 1.318293146514737954e-04 1.322967432127153105e-04 1.327353228407863941e-04 1.331456721363679524e-04 1.335285352891984101e-04 1.338847647438930156e-04 1.342153042622221625e-04 1.345211725608317212e-04 1.348034476786268523e-04 1.350632522029550169e-04 1.353017394588146532e-04
1.374015430597846086e-04 1.351246691551505092e-04 1.348660709656799260e-04 1.345843578847635022e-04 1.342782793308747462e-04 1.339466180521545885e-04 1.335882051018261163e-04 1.332019358578446979e-04 1.327867869737666968e-04 1.323418341208126891e-04 1.318662703538975951e-04 1.313594249075521235e-04 1.308207822017603921e-04 1.302500008134227830e-04 1.296469321470745061e-04 1.290116385193188549e-04 1.283444103558281375e-04 1.276457821883619206e-04 1.269165471326469982e-04 1.261577695266928340e-04 1.253707954136319062e-04 1.245572605638421975e-04 1.237190957481678027e-04 1.228585289976283032e-04 1.219780846150686851e-04 1.210805787405829767e-04 1.201691113149121431e-04 1.192470543328891453e-04 1.183180363317339414e-04 1.173859231158012352e-04 1.164547947793211118e-04 1.155289191506945166e-04 1.146127218448562474e-04 1.137107531728589810e-04 1.128276522188742547e-04 1.119681084529350915e-04 1.111368213016543317e-04 1.103384581475776416e-04 1.095776112695774336e-04 1.088587542706777024e-04 1.081861985649718895e-04 1.075640505110689625e-04 1.069961697851829055e-04 1.064861295821814888e-04 1.060371792174684224e-04 1.056522096765628936e-04 1.053337226229702806e-04 1.050838033289533223e-04 1.049040979388832375e-04 1.047957954119576283e-04 1.047596144213813312e-04 1.047957954119576283e-04 1.049040979388832375e-04 1.050838033289533223e-04 1.053337226229702806e-04 1.056522096765628936e-04 1.060371792174684224e-04 1.064861295821814888e-04 1.069961697851829055e-04 1.075640505110689625e-04 1.081861985649718895e-04 1.088587542706777024e-04 1.095776112695774336e-04 1.103384581475776416e-04 1.111368213016543317e-04 1.119681084529350915e-04 1.128276522188742547e-04 1.137107531728589810e-04 1.146127218448562474e-04 1.155289191506945166e-04 1.164547947793211118e-04 1.173859231158012352e-04 1.183180363317339414e-04 1.192470543328891453e-04 1.201691113149121431e-04 1.210805787405829767e-04 1.219780846150686851e-04 1.228585289976283032e-04 1.237190957481678027e-04 1.245572605638421975e-04 1.253707954136319062e-04 1.261577695266928340e-04 1.269165471326469982e-04 1.276457821883619206e-04 1.283444103558281375e-04 1.290116385193188549e-04 1.296469321470745061e-04 1.302500008134227830e-04 1.308207822017603921e-04 1.313594249075521235e-04 1.318662703538975951e-04 1.323418341208126891e-04 1.327867869737666968e-04 1.332019358578446979e-04 1.335882051018261163e-04 1.339466180521545885e-04 1.342782793308747462e-04 1.345843578847635022e-04 1.348660709656799260e-04 1.351246691551505092e-04
1.374015430597846086e-04 1.349381371035621472e-04 1.346583533531692993e-04 1.343535610324075489e-04 1.340224071063219322e-04 1.336635746001454701e-04 1.332757988015694601e-04 1.328578845927971840e-04 1.324087247901065774e-04 1.319273193394251823e-04 1.314127951869906304e-04 1.308644266151208740e-04 1.302816558050981825e-04 1.296641133628619416e-04 1.290116385193188549e-04 1.283242986963368973e-04 1.276024081126040570e-04 1.268465450911963129e-04 1.260575677235528777e-04 1.252366275431803758e-04 1.243851808672966400e-04 1.235049974761621354e-04 1.225981663183074819e-04 1.216670979553685471e-04 1.207145234927663169e-04 1.197434897818291840e-04 1.187573507247955887e-04 1.177597545659266504e-04 1.167546271090105000e-04 1.157461508629922640e-04 1.147387401823110847e-04 1.137370125356294343e-04 1.127457561047470015e-04 1.117698939832646201e-04 1.108144453106068704e-04 1.098844837399029050e-04 1.089850936965507360e-04 1.081213249366830059e-04 1.072981459599183207e-04 1.065203968675519679e-04 1.057927422846806543e-04 1.051196249818219452e-04 1.045052208377345634e-04 1.039533957799527552e-04 1.034676653228415693e-04 1.030511572948384632e-04 1.027065783073051897e-04 1.024361844676624516e-04 1.022417567800496771e-04 1.021245816087063999e-04 1.020854365038737459e-04 1.021245816087063999e-04 1.022417567800496771e-04 1.024361844676624516e-04 1.027065783073051897e-04 1.030511572948384632e-04 1.034676653228415693e-04 1.039533957799527552e-04 1.045052208377345634e-04 1.051196249818219452e-04 1.057927422846806543e-04 1.065203968675519679e-04 1.072981459599183207e-04 1.081213249366830059e-04 1.089850936965507360e-04 1.098844837399029050e-04 1.108144453106068704e-04 1.117698939832646201e-04 1.127457561047470015e-04 1.137370125356294343e-04 1.147387401823110847e-04 1.157461508629922640e-04 1.167546271090105000e-04 1.177597545659266504e-04 1.187573507247955887e-04 1.197434897818291840e-04 1.207145234927663169e-04 1.216670979553685471e-04 1.225981663183074819e-04 1.235049974761621354e-04 1.243851808672966400e-04 1.252366275431803758e-04 1.260575677235528777e-04 1.268465450911963129e-04 1.276024081126040570e-04 1.283242986963368973e-04 1.290116385193188549e-04 1.296641133628619416e-04 1.302816558050981825e-04 1.308644266151208740e-04 1.314127951869906304e-04 1.319273193394251823e-04 1.324087247901065774e-04 1.328578845927971840e-04 1.332757988015694601e-04 1.336635746001454701e-04 1.340224071063219322e-04 1.343535610324075489e-04 1.346583533531692993e-04 1.349381371035621472e-04
