0.000000000000000000e+00 0.000000000000000000e+00 0.000000000000000000e+00 0.000000000000000000e+00 0.000000000000000000e+00 0.000000000000000000e+00 0.000000000000000000e+00 0.000000000000000000e+00 0.000000000000000000e+00 0.000000000000000000e+00 0.000000000000000000e+00 0.000000000000000000e+00 0.000000000000000000e+00 0.000000000000000000e+00 0.000000000000000000e+00 0.000000000000000000e+00 0.000000000000000000e+00 0.000000000000000000e+00 0.000000000000000000e+00 0.000000000000000000e+00 0.000000000000000000e+00 0.000000000000000000e+00 0.000000000000000000e+00 0.000000000000000000e+00 0.000000000000000000e+00 0.000000000000000000e+00 0.000000000000000000e+00 0.000000000000000000e+00 0.000000000000000000e+00 0.000000000000000000e+00 0.000000000000000000e+00 0.000000000000000000e+00 0.000000000000000000e+00 0.000000000000000000e+00 0.000000000000000000e+00 0.000000000000000000e+00 0.000000000000000000e+00 0.000000000000000000e+00 0.000000000000000000e+00 0.000000000000000000e+00 0.000000000000000000e+00 0.000000000000000000e+00 0.000000000000000000e+00 0.000000000000000000e+00 0.000000000000000000e+00 0.000000000000000000e+00 0.000000000000000000e+00 0.000000000000000000e+00 0.000000000000000000e+00 0.000000000000000000e+00 0.000000000000000000e+00 0.000000000000000000e+00 0.000000000000000000e+00 0.000000000000000000e+00 0.000000000000000000e+00 0.000000000000000000e+00 0.000000000000000000e+00 0.000000000000000000e+00 0.000000000000000000e+00 0.000000000000000000e+00 0.000000000000000000e+00 0.000000000000000000e+00 0.000000000000000000e+00 0.000000000000000000e+00 0.000000000000000000e+00 0.000000000000000000e+00 0.000000000000000000e+00 0.000000000000000000e+00 0.000000000000000000e+00 0.000000000000000000e+00 0.000000000000000000e+00 0.000000000000000000e+00 0.000000000000000000e+00 0.000000000000000000e+00 0.000000000000000000e+00 0.000000000000000000e+00 0.000000000000000000e+00 0.000000000000000000e+00 0.000000000000000000e+00 0.000000000000000000e+00 0.000000000000000000e+00 0.000000000000000000e+00 0.000000000000000000e+00 0.000000000000000000e+00 0.000000000000000000e+00 0.000000000000000000e+00 0.000000000000000000e+00 0.000000000000000000e+00 0.000000000000000000e+00 0.000000000000000000e+00 0.000000000000000000e+00 0.000000000000000000e+00 0.000000000000000000e+00 0.000000000000000000e+00 0.000000000000000000e+00 0.000000000000000000e+00 0.000000000000000000e+00 0.000000000000000000e+00 0.000000000000000000e+00 0.000000000000000000e+00
0.000000000000000000e+00 2.222117458082468702e-06 2.737264935529522219e-06 3.342054077286272901e-06 4.044426317046013629e-06 4.851177870818675776e-06 5.767455940091951454e-06 6.796231885113597897e-06 7.937777248042726983e-06 9.189173310875416173e-06 1.054388823306717644e-05 1.199145717719819583e-05 1.351729973826239286e-05 1.510270513902756198e-05 1.672500894820929318e-05 1.835797568125600344e-05 1.997238998944463935e-05 2.153684593002086809e-05 2.301870996179471889e-05 2.438521990728034780e-05 2.560467030844659062e-05 2.664762547775736395e-05 2.748809605032238090e-05 2.810461365399552852e-05 2.848114176217416058e-05 2.860776881020702763e-05 2.848114176217416058e-05 2.810461365399552852e-05 2.748809605032238090e-05 2.664762547775736395e-05 2.560467030844659062e-05 2.438521990728034780e-05 2.301870996179471889e-05 2.153684593002086809e-05 1.997238998944463935e-05 1.835797568125600344e-05 1.672500894820929318e-05 1.510270513902756198e-05 1.351729973826239286e-05 1.199145717719819583e-05 1.054388823306717644e-05 9.189173310875416173e-06 7.937777248042726983e-06 6.796231885113597897e-06 5.767455940091951454e-06 4.851177870818675776e-06 4.044426317046013629e-06 3.342054077286272901e-06 2.737264935529522219e-06 2.222117458082468702e-06 0.000000000000000000e+00 2.222117458082468702e-06 2.737264935529522219e-06 3.342054077286272901e-06 4.044426317046013629e-06 4.851177870818675776e-06 5.767455940091951454e-06 6.796231885113597897e-06 7.937777248042726983e-06 9.189173310875416173e-06 1.054388823306717644e-05 1.199145717719819583e-05 1.351729973826239286e-05 1.510270513902756198e-05 1.672500894820929318e-05 1.835797568125600344e-05 1.997238998944463935e-05 2.153684593002086809e-05 2.301870996179471889e-05 2.438521990728034780e-05 2.560467030844659062e-05 2.664762547775736395e-05 2.748809605032238090e-05 2.810461365399552852e-05 2.848114176217416058e-05 2.860776881020702763e-05 2.848114176217416058e-05 2.810461365399552852e-05 2.748809605032238090e-05 2.664762547775736395e-05 2.560467030844659062e-05 2.438521990728034780e-05 2.301870996179471889e-05 2.153684593002086809e-05 1.997238998944463935e-05 1.835797568125600344e-05 1.672500894820929318e-05 1.510270513902756198e-05 1.351729973826239286e-05 1.199145717719819583e-05 1.054388823306717644e-05 9.189173310875416173e-06 7.937777248042726983e-06 6.796231885113597897e-06 5.767455940091951454e-06 4.851177870818675776e-06 4.044426317046013629e-06 3.342054077286272901e-06 2.737264935529522219e-06 2.222117458082468702e-06
0.000000000000000000e+00 2.737264935529522219e-06 3.371837658728011766e-06 4.116833430710423950e-06 4.982034726254324906e-06 5.975813309737246809e-06 7.104509644439888940e-06 8.371783933015995469e-06 9.777970668508651042e-06 1.131947449441689163e-05 1.298824931127739763e-05 1.477140424672827817e-05 1.665097875992423496e-05 1.860392440477707130e-05 2.060232251622574871e-05 2.261385550832606151e-05 2.460253511711470154e-05 2.652967464511047735e-05 2.835507520557284367e-05 3.003837945406112153e-05 3.154053174200098253e-05 3.282527238606541570e-05 3.386058697722653339e-05 3.462003018871519943e-05 3.508384778935997786e-05 3.523983044329630877e-05 3.508384778935997786e-05 3.462003018871519943e-05 3.386058697722653339e-05 3.282527238606541570e-05 3.154053174200098253e-05 3.003837945406112153e-05 2.835507520557284367e-05 2.652967464511047735e-05 2.460253511711470154e-05 2.261385550832606151e-05 2.060232251622574871e-05 1.860392440477707130e-05 1.665097875992423496e-05 1.477140424672827817e-05 1.298824931127739763e-05 1.131947449441689163e-05 9.777970668508651042e-06 8.371783933015995469e-06 7.104509644439888940e-06 5.975813309737246809e-06 4.982034726254324906e-06 4.116833430710423950e-06 3.371837658728011766e-06 2.737264935529522219e-06 0.000000000000000000e+00 2.737264935529522219e-06 3.371837658728011766e-06 4.116833430710423950e-06 4.982034726254324906e-06 5.975813309737246809e-06 7.104509644439888940e-06 8.371783933015995469e-06 9.777970668508651042e-06 1.131947449441689163e-05 1.298824931127739763e-05 1.477140424672827817e-05 1.665097875992423496e-05 1.860392440477707130e-05 2.060232251622574871e-05 2.261385550832606151e-05 2.460253511711470154e-05 2.652967464511047735e-05 2.835507520557284367e-05 3.003837945406112153e-05 3.154053174200098253e-05 3.282527238606541570e-05 3.386058697722653339e-05 3.462003018871519943e-05 3.508384778935997786e-05 3.523983044329630877e-05 3.508384778935997786e-05 3.462003018871519943e-05 3.386058697722653339e-05 3.282527238606541570e-05 3.154053174200098253e-05 3.003837945406112153e-05 2.835507520557284367e-05 2.652967464511047735e-05 2.460253511711470154e-05 2.261385550832606151e-05 2.060232251622574871e-05 1.860392440477707130e-05 1.665097875992423496e-05 1.477140424672827817e-05 1.298824931127739763e-05 1.131947449441689163e-05 9.777970668508651042e-06 8.371783933015995469e-06 7.104509644439888940e-06 5.975813309737246809e-06 4.982034726254324906e-06 4.116833430710423950e-06 3.371837658728011766e-06 2.737264935529522219e-06
0.000000000000000000e+00 3.342054077286272901e-06 4.116833430710423950e-06 5.026433420465601686e-06 6.082797925016744581e-06 7.296148420885491845e-06 8.674226274603114684e-06 1.022150039783535993e-05 1.193837918869671278e-05 1.382047290920550200e-05 1.585795770228141878e-05 1.803509450226893474e-05 2.032995444945732283e-05 2.271439662397276300e-05 2.515433382907060155e-05 2.761030802089438593e-05 3.003837945406112153e-05 3.239131374019437593e-05 3.462003018871519943e-05 3.667525464066808620e-05 3.850930223812626358e-05 4.007790184718099574e-05 4.134196558677464319e-05 4.226920512741198218e-05 4.283550160943376420e-05 4.302594808679421467e-05 4.283550160943376420e-05 4.226920512741198218e-05 4.134196558677464319e-05 4.007790184718099574e-05 3.850930223812626358e-05 3.667525464066808620e-05 3.462003018871519943e-05 3.239131374019437593e-05 3.003837945406112153e-05 2.761030802089438593e-05 2.515433382907060155e-05 2.271439662397276300e-05 2.032995444945732283e-05 1.803509450226893474e-05 1.585795770228141878e-05 1.382047290920550200e-05 1.193837918869671278e-05 1.022150039783535993e-05 8.674226274603114684e-06 7.296148420885491845e-06 6.082797925016744581e-06 5.026433420465601686e-06 4.116833430710423950e-06 3.342054077286272901e-06 0.000000000000000000e+00 3.342054077286272901e-06 4.116833430710423950e-06 5.026433420465601686e-06 6.082797925016744581e-06 7.296148420885491845e-06 8.674226274603114684e-06 1.022150039783535993e-05 1.193837918869671278e-05 1.382047290920550200e-05 1.585795770228141878e-05 1.803509450226893474e-05 2.032995444945732283e-05 2.271439662397276300e-05 2.515433382907060155e-05 2.761030802089438593e-05 3.003837945406112153e-05 3.239131374019437593e-05 3.462003018871519943e-05 3.667525464066808620e-05 3.850930223812626358e-05 4.007790184718099574e-05 4.134196558677464319e-05 4.226920512741198218e-05 4.283550160943376420e-05 4.302594808679421467e-05 4.283550160943376420e-05 4.226920512741198218e-05 4.134196558677464319e-05 4.007790184718099574e-05 3.850930223812626358e-05 3.667525464066808620e-05 3.462003018871519943e-05 3.239131374019437593e-05 3.003837945406112153e-05 2.761030802089438593e-05 2.515433382907060155e-05 2.271439662397276300e-05 2.032995444945732283e-05 1.803509450226893474e-05 1.585795770228141878e-05 1.382047290920550200e-05 1.193837918869671278e-05 1.022150039783535993e-05 8.674226274603114684e-06 7.296148420885491845e-06 6.082797925016744581e-06 5.026433420465601686e-06 4.116833430710423950e-06 3.342054077286272901e-06
0.000000000000000000e+00 4.044426317046013629e-06 4.982034726254324906e-06 6.082797925016744581e-06 7.361169939292793285e-06 8.829520409934209303e-06 1.049721764331934984e-05 1.236966974581977899e-05 1.444737094524983227e-05 1.672500894820929318e-05 1.919069529772175604e-05 2.182538317710780245e-05 2.460253511711470154e-05 2.748809605032238090e-05 3.044081495194179615e-05 3.341294120295191855e-05 3.635130060015862730e-05 3.919873188913538338e-05 4.189583949098188176e-05 4.438299369875108773e-05 4.660248811695568046e-05 4.850074750865302560e-05 5.003046921171638324e-05 5.115257912186013445e-05 5.183788951546074511e-05 5.206836057523806714e-05 5.183788951546074511e-05 5.115257912186013445e-05 5.003046921171638324e-05 4.850074750865302560e-05 4.660248811695568046e-05 4.438299369875108773e-05 4.189583949098188176e-05 3.919873188913538338e-05 3.635130060015862730e-05 3.341294120295191855e-05 3.044081495194179615e-05 2.748809605032238090e-05 2.460253511711470154e-05 2.182538317710780245e-05 1.919069529772175604e-05 1.672500894820929318e-05 1.444737094524983227e-05 1.236966974581977899e-05 1.049721764331934984e-05 8.829520409934209303e-06 7.361169939292793285e-06 6.082797925016744581e-06 4.982034726254324906e-06 4.044426317046013629e-06 0.000000000000000000e+00 4.044426317046013629e-06 4.982034726254324906e-06 6.082797925016744581e-06 7.361169939292793285e-06 8.829520409934209303e-06 1.049721764331934984e-05 1.236966974581977899e-05 1.444737094524983227e-05 1.672500894820929318e-05 1.919069529772175604e-05 2.182538317710780245e-05 2.460253511711470154e-05 2.748809605032238090e-05 3.044081495194179615e-05 3.341294120295191855e-05 3.635130060015862730e-05 3.919873188913538338e-05 4.189583949098188176e-05 4.438299369875108773e-05 4.660248811695568046e-05 4.850074750865302560e-05 5.003046921171638324e-05 5.115257912186013445e-05 5.183788951546074511e-05 5.206836057523806714e-05 5.183788951546074511e-05 5.115257912186013445e-05 5.003046921171638324e-05 4.850074750865302560e-05 4.660248811695568046e-05 4.438299369875108773e-05 4.189583949098188176e-05 3.919873188913538338e-05 3.635130060015862730e-05 3.341294120295191855e-05 3.044081495194179615e-05 2.748809605032238090e-05 2.460253511711470154e-05 2.182538317710780245e-05 1.919069529772175604e-05 1.672500894820929318e-05 1.444737094524983227e-05 1.236966974581977899e-05 1.049721764331934984e-05 8.829520409934209303e-06 7.361169939292793285e-06 6.082797925016744581e-06 4.982034726254324906e-06 4.044426317046013629e-06
0.000000000000000000e+00 4.851177870818675776e-06 5.975813309737246809e-06 7.296148420885491845e-06 8.829520409934209303e-06 1.059076632007964323e-05 1.259112317655775831e-05 1.483707785387093179e-05 1.732922316465762092e-05 2.006118715943320822e-05 2.301870996179471889e-05 2.617894544021655230e-05 2.951006263191327371e-05 3.297121342234233952e-05 3.651291834447484530e-05 4.007790184718099574e-05 4.360238293963234266e-05 4.701779827296192739e-05 5.025290448769230320e-05 5.323617739420824670e-05 5.589839976196890858e-05 5.817530957122014413e-05 6.001016858277758971e-05 6.135610848574298557e-05 6.217811941027516552e-05 6.245456309286708853e-05 6.217811941027516552e-05 6.135610848574298557e-05 6.001016858277758971e-05 5.817530957122014413e-05 5.589839976196890858e-05 5.323617739420824670e-05 5.025290448769230320e-05 4.701779827296192739e-05 4.360238293963234266e-05 4.007790184718099574e-05 3.651291834447484530e-05 3.297121342234233952e-05 2.951006263191327371e-05 2.617894544021655230e-05 2.301870996179471889e-05 2.006118715943320822e-05 1.732922316465762092e-05 1.483707785387093179e-05 1.259112317655775831e-05 1.059076632007964323e-05 8.829520409934209303e-06 7.296148420885491845e-06 5.975813309737246809e-06 4.851177870818675776e-06 0.000000000000000000e+00 4.851177870818675776e-06 5.975813309737246809e-06 7.296148420885491845e-06 8.829520409934209303e-06 1.059076632007964323e-05 1.259112317655775831e-05 1.483707785387093179e-05 1.732922316465762092e-05 2.006118715943320822e-05 2.301870996179471889e-05 2.617894544021655230e-05 2.951006263191327371e-05 3.297121342234233952e-05 3.651291834447484530e-05 4.007790184718099574e-05 4.360238293963234266e-05 4.701779827296192739e-05 5.025290448769230320e-05 5.323617739420824670e-05 5.589839976196890858e-05 5.817530957122014413e-05 6.001016858277758971e-05 6.135610848574298557e-05 6.217811941027516552e-05 6.245456309286708853e-05 6.217811941027516552e-05 6.135610848574298557e-05 6.001016858277758971e-05 5.817530957122014413e-05 5.589839976196890858e-05 5.323617739420824670e-05 5.025290448769230320e-05 4.701779827296192739e-05 4.360238293963234266e-05 4.007790184718099574e-05 3.651291834447484530e-05 3.297121342234233952e-05 2.951006263191327371e-05 2.617894544021655230e-05 2.301870996179471889e-05 2.006118715943320822e-05 1.732922316465762092e-05 1.483707785387093179e-05 1.259112317655775831e-05 1.059076632007964323e-05 8.829520409934209303e-06 7.296148420885491845e-06 5.975813309737246809e-06 4.851177870818675776e-06
0.000000000000000000e+00 5.767455940091951454e-06 7.104509644439888940e-06 8.674226274603114684e-06 1.049721764331934984e-05 1.259112317655775831e-05 1.496930232014199399e-05 1.763946717284016878e-05 2.060232251622574871e-05 2.385029288329182473e-05 2.736642502865031462e-05 3.112355770188240359e-05 3.508384778935997786e-05 3.919873188913538338e-05 4.340938497899186557e-05 4.764771344818536302e-05 5.183788951546074511e-05 5.589839976196890858e-05 5.974454456470036981e-05 6.329129042802966265e-05 6.645634654793558657e-05 6.916331325872402964e-05 7.134473574770240037e-05 7.294489333727656054e-05 7.392216358292796646e-05 7.425082124127859687e-05 7.392216358292796646e-05 7.294489333727656054e-05 7.134473574770240037e-05 6.916331325872402964e-05 6.645634654793558657e-05 6.329129042802966265e-05 5.974454456470036981e-05 5.589839976196890858e-05 5.183788951546074511e-05 4.764771344818536302e-05 4.340938497899186557e-05 3.919873188913538338e-05 3.508384778935997786e-05 3.112355770188240359e-05 2.736642502865031462e-05 2.385029288329182473e-05 2.060232251622574871e-05 1.763946717284016878e-05 1.496930232014199399e-05 1.259112317655775831e-05 1.049721764331934984e-05 8.674226274603114684e-06 7.104509644439888940e-06 5.767455940091951454e-06 0.000000000000000000e+00 5.767455940091951454e-06 7.104509644439888940e-06 8.674226274603114684e-06 1.049721764331934984e-05 1.259112317655775831e-05 1.496930232014199399e-05 1.763946717284016878e-05 2.060232251622574871e-05 2.385029288329182473e-05 2.736642502865031462e-05 3.112355770188240359e-05 3.508384778935997786e-05 3.919873188913538338e-05 4.340938497899186557e-05 4.764771344818536302e-05 5.183788951546074511e-05 5.589839976196890858e-05 5.974454456470036981e-05 6.329129042802966265e-05 6.645634654793558657e-05 6.916331325872402964e-05 7.134473574770240037e-05 7.294489333727656054e-05 7.392216358292796646e-05 7.425082124127859687e-05 7.392216358292796646e-05 7.294489333727656054e-05 7.134473574770240037e-05 6.916331325872402964e-05 6.645634654793558657e-05 6.329129042802966265e-05 5.974454456470036981e-05 5.589839976196890858e-05 5.183788951546074511e-05 4.764771344818536302e-05 4.340938497899186557e-05 3.919873188913538338e-05 3.508384778935997786e-05 3.112355770188240359e-05 2.736642502865031462e-05 2.385029288329182473e-05 2.060232251622574871e-05 1.763946717284016878e-05 1.496930232014199399e-05 1.259112317655775831e-05 1.049721764331934984e-05 8.674226274603114684e-06 7.104509644439888940e-06 5.767455940091951454e-06
0.000000000000000000e+00 6.796231885113597897e-06 8.371783933015995469e-06 1.022150039783535993e-05 1.236966974581977899e-05 1.483707785387093179e-05 1.763946717284016878e-05 2.078592545512530584e-05 2.427728319844518854e-05 2.810461365399552852e-05 3.224793952362968295e-05 3.667525464066808620e-05 4.134196558677464319e-05 4.619084641272766333e-05 5.115257912186013445e-05 5.614692383487035270e-05 6.108452691124559221e-05 6.586933489136678321e-05 7.040153976897710623e-05 7.458094011032921828e-05 7.831056640374403004e-05 8.150039111378909007e-05 8.407092710548015461e-05 8.595651446746996978e-05 8.710810630845817787e-05 8.749538861805371379e-05 8.710810630845817787e-05 8.595651446746996978e-05 8.407092710548015461e-05 8.150039111378909007e-05 7.831056640374403004e-05 7.458094011032921828e-05 7.040153976897710623e-05 6.586933489136678321e-05 6.108452691124559221e-05 5.614692383487035270e-05 5.115257912186013445e-05 4.619084641272766333e-05 4.134196558677464319e-05 3.667525464066808620e-05 3.224793952362968295e-05 2.810461365399552852e-05 2.427728319844518854e-05 2.078592545512530584e-05 1.763946717284016878e-05 1.483707785387093179e-05 1.236966974581977899e-05 1.022150039783535993e-05 8.371783933015995469e-06 6.796231885113597897e-06 0.000000000000000000e+00 6.796231885113597897e-06 8.371783933015995469e-06 1.022150039783535993e-05 1.236966974581977899e-05 1.483707785387093179e-05 1.763946717284016878e-05 2.078592545512530584e-05 2.427728319844518854e-05 2.810461365399552852e-05 3.224793952362968295e-05 3.667525464066808620e-05 4.134196558677464319e-05 4.619084641272766333e-05 5.115257912186013445e-05 5.614692383487035270e-05 6.108452691124559221e-05 6.586933489136678321e-05 7.040153976897710623e-05 7.458094011032921828e-05 7.831056640374403004e-05 8.150039111378909007e-05 8.407092710548015461e-05 8.595651446746996978e-05 8.710810630845817787e-05 8.749538861805371379e-05 8.710810630845817787e-05 8.595651446746996978e-05 8.407092710548015461e-05 8.150039111378909007e-05 7.831056640374403004e-05 7.458094011032921828e-05 7.040153976897710623e-05 6.586933489136678321e-05 6.108452691124559221e-05 5.614692383487035270e-05 5.115257912186013445e-05 4.619084641272766333e-05 4.134196558677464319e-05 3.667525464066808620e-05 3.224793952362968295e-05 2.810461365399552852e-05 2.427728319844518854e-05 2.078592545512530584e-05 1.763946717284016878e-05 1.483707785387093179e-05 1.236966974581977899e-05 1.022150039783535993e-05 8.371783933015995469e-06 6.796231885113597897e-06
0.000000000000000000e+00 7.937777248042726983e-06 9.777970668508651042e-06 1.193837918869671278e-05 1.444737094524983227e-05 1.732922316465762092e-05 2.060232251622574871e-05 2.427728319844518854e-05 2.835507520557284367e-05 3.282527238606541570e-05 3.766454190705516942e-05 4.283550160943376420e-05 4.828606783457035646e-05 5.394940253964818148e-05 5.974454456470036981e-05 6.557777634695468531e-05 7.134473574770240037e-05 7.693323545796859652e-05 8.222670298072398806e-05 8.710810630845817787e-05 9.146418821325848604e-05 9.518979946912231843e-05 9.819210169409702937e-05 1.003944062525956657e-04 1.017394279747723979e-04 1.021917610848904480e-04 1.017394279747723979e-04 1.003944062525956657e-04 9.819210169409702937e-05 9.518979946912231843e-05 9.146418821325848604e-05 8.710810630845817787e-05 8.222670298072398806e-05 7.693323545796859652e-05 7.134473574770240037e-05 6.557777634695468531e-05 5.974454456470036981e-05 5.394940253964818148e-05 4.828606783457035646e-05 4.283550160943376420e-05 3.766454190705516942e-05 3.282527238606541570e-05 2.835507520557284367e-05 2.427728319844518854e-05 2.060232251622574871e-05 1.732922316465762092e-05 1.444737094524983227e-05 1.193837918869671278e-05 9.777970668508651042e-06 7.937777248042726983e-06 0.000000000000000000e+00 7.937777248042726983e-06 9.777970668508651042e-06 1.193837918869671278e-05 1.444737094524983227e-05 1.732922316465762092e-05 2.060232251622574871e-05 2.427728319844518854e-05 2.835507520557284367e-05 3.282527238606541570e-05 3.766454190705516942e-05 4.283550160943376420e-05 4.828606783457035646e-05 5.394940253964818148e-05 5.974454456470036981e-05 6.557777634695468531e-05 7.134473574770240037e-05 7.693323545796859652e-05 8.222670298072398806e-05 8.710810630845817787e-05 9.146418821325848604e-05 9.518979946912231843e-05 9.819210169409702937e-05 1.003944062525956657e-04 1.017394279747723979e-04 1.021917610848904480e-04 1.017394279747723979e-04 1.003944062525956657e-04 9.819210169409702937e-05 9.518979946912231843e-05 9.146418821325848604e-05 8.710810630845817787e-05 8.222670298072398806e-05 7.693323545796859652e-05 7.134473574770240037e-05 6.557777634695468531e-05 5.974454456470036981e-05 5.394940253964818148e-05 4.828606783457035646e-05 4.283550160943376420e-05 3.766454190705516942e-05 3.282527238606541570e-05 2.835507520557284367e-05 2.427728319844518854e-05 2.060232251622574871e-05 1.732922316465762092e-05 1.444737094524983227e-05 1.193837918869671278e-05 9.777970668508651042e-06 7.937777248042726983e-06
0.000000000000000000e+00 9.189173310875416173e-06 1.131947449441689163e-05 1.382047290920550200e-05 1.672500894820929318e-05 2.006118715943320822e-05 2.385029288329182473e-05 2.810461365399552852e-05 3.282527238606541570e-05 3.800019923796990151e-05 4.360238293963234266e-05 4.958854800875496570e-05 5.589839976196890858e-05 6.245456309286708853e-05 6.916331325872402964e-05 7.591615805830049352e-05 8.259228258967607689e-05 8.906181313716980013e-05 9.518979946912231843e-05 1.008407594012486480e-04 1.058835806254708960e-04 1.101965370677196156e-04 1.136721543110382095e-04 1.162216537034991252e-04 1.177787190286846519e-04 1.183023627658715481e-04 1.177787190286846519e-04 1.162216537034991252e-04 1.136721543110382095e-04 1.101965370677196156e-04 1.058835806254708960e-04 1.008407594012486480e-04 9.518979946912231843e-05 8.906181313716980013e-05 8.259228258967607689e-05 7.591615805830049352e-05 6.916331325872402964e-05 6.245456309286708853e-05 5.589839976196890858e-05 4.958854800875496570e-05 4.360238293963234266e-05 3.800019923796990151e-05 3.282527238606541570e-05 2.810461365399552852e-05 2.385029288329182473e-05 2.006118715943320822e-05 1.672500894820929318e-05 1.382047290920550200e-05 1.131947449441689163e-05 9.189173310875416173e-06 0.000000000000000000e+00 9.189173310875416173e-06 1.131947449441689163e-05 1.382047290920550200e-05 1.672500894820929318e-05 2.006118715943320822e-05 2.385029288329182473e-05 2.810461365399552852e-05 3.282527238606541570e-05 3.800019923796990151e-05 4.360238293963234266e-05 4.958854800875496570e-05 5.589839976196890858e-05 6.245456309286708853e-05 6.916331325872402964e-05 7.591615805830049352e-05 8.259228258967607689e-05 8.906181313716980013e-05 9.518979946912231843e-05 1.008407594012486480e-04 1.058835806254708960e-04 1.101965370677196156e-04 1.136721543110382095e-04 1.162216537034991252e-04 1.177787190286846519e-04 1.183023627658715481e-04 1.177787190286846519e-04 1.162216537034991252e-04 1.136721543110382095e-04 1.101965370677196156e-04 1.058835806254708960e-04 1.008407594012486480e-04 9.518979946912231843e-05 8.906181313716980013e-05 8.259228258967607689e-05 7.591615805830049352e-05 6.916331325872402964e-05 6.245456309286708853e-05 5.589839976196890858e-05 4.958854800875496570e-05 4.360238293963234266e-05 3.800019923796990151e-05 3.282527238606541570e-05 2.810461365399552852e-05 2.385029288329182473e-05 2.006118715943320822e-05 1.672500894820929318e-05 1.382047290920550200e-05 1.131947449441689163e-05 9.189173310875416173e-06
0.000000000000000000e+00 1.054388823306717644e-05 1.298824931127739763e-05 1.585795770228141878e-05 1.919069529772175604e-05 2.301870996179471889e-05 2.736642502865031462e-05 3.224793952362968295e-05 3.766454190705516942e-05 4.360238293963234266e-05 5.003046921171638324e-05 5.689914534810180507e-05 6.413922771485527658e-05 7.166193417169307571e-05 7.935972259501615467e-05 8.710810630845817787e-05 9.476845925941977135e-05 1.021917610848904480e-04 1.092231664999348460e-04 1.157072198438155106e-04 1.214934795614998423e-04 1.264422740985815530e-04 1.304302846099407410e-04 1.333556442407756761e-04 1.351422600989084363e-04 1.357431020737038911e-04 1.351422600989084363e-04 1.333556442407756761e-04 1.304302846099407410e-04 1.264422740985815530e-04 1.214934795614998423e-04 1.157072198438155106e-04 1.092231664999348460e-04 1.021917610848904480e-04 9.476845925941977135e-05 8.710810630845817787e-05 7.935972259501615467e-05 7.166193417169307571e-05 6.413922771485527658e-05 5.689914534810180507e-05 5.003046921171638324e-05 4.360238293963234266e-05 3.766454190705516942e-05 3.224793952362968295e-05 2.736642502865031462e-05 2.301870996179471889e-05 1.919069529772175604e-05 1.585795770228141878e-05 1.298824931127739763e-05 1.054388823306717644e-05 0.000000000000000000e+00 1.054388823306717644e-05 1.298824931127739763e-05 1.585795770228141878e-05 1.919069529772175604e-05 2.301870996179471889e-05 2.736642502865031462e-05 3.224793952362968295e-05 3.766454190705516942e-05 4.360238293963234266e-05 5.003046921171638324e-05 5.689914534810180507e-05 6.413922771485527658e-05 7.166193417169307571e-05 7.935972259501615467e-05 8.710810630845817787e-05 9.476845925941977135e-05 1.021917610848904480e-04 1.092231664999348460e-04 1.157072198438155106e-04 1.214934795614998423e-04 1.264422740985815530e-04 1.304302846099407410e-04 1.333556442407756761e-04 1.351422600989084363e-04 1.357431020737038911e-04 1.351422600989084363e-04 1.333556442407756761e-04 1.304302846099407410e-04 1.264422740985815530e-04 1.214934795614998423e-04 1.157072198438155106e-04 1.092231664999348460e-04 1.021917610848904480e-04 9.476845925941977135e-05 8.710810630845817787e-05 7.935972259501615467e-05 7.166193417169307571e-05 6.413922771485527658e-05 5.689914534810180507e-05 5.003046921171638324e-05 4.360238293963234266e-05 3.766454190705516942e-05 3.224793952362968295e-05 2.736642502865031462e-05 2.301870996179471889e-05 1.919069529772175604e-05 1.585795770228141878e-05 1.298824931127739763e-05 1.054388823306717644e-05
0.000000000000000000e+00 1.199145717719819583e-05 1.477140424672827817e-05 1.803509450226893474e-05 2.182538317710780245e-05 2.617894544021655230e-05 3.112355770188240359e-05 3.667525464066808620e-05 4.283550160943376420e-05 4.958854800875496570e-05 5.689914534810180507e-05 6.471082107273621806e-05 7.294489333727656054e-05 8.150039111378909007e-05 9.025500783553317547e-05 9.906716606771614325e-05 1.077792078063223200e-04 1.162216537034991252e-04 1.242183997867509003e-04 1.315926479093711837e-04 1.381733024162309258e-04 1.438015162647103312e-04 1.483370401826519780e-04 1.516640220289738362e-04 1.536959221289496127e-04 1.543792536146179747e-04 1.536959221289496127e-04 1.516640220289738362e-04 1.483370401826519780e-04 1.438015162647103312e-04 1.381733024162309258e-04 1.315926479093711837e-04 1.242183997867509003e-04 1.162216537034991252e-04 1.077792078063223200e-04 9.906716606771614325e-05 9.025500783553317547e-05 8.150039111378909007e-05 7.294489333727656054e-05 6.471082107273621806e-05 5.689914534810180507e-05 4.958854800875496570e-05 4.283550160943376420e-05 3.667525464066808620e-05 3.112355770188240359e-05 2.617894544021655230e-05 2.182538317710780245e-05 1.803509450226893474e-05 1.477140424672827817e-05 1.199145717719819583e-05 0.000000000000000000e+00 1.199145717719819583e-05 1.477140424672827817e-05 1.803509450226893474e-05 2.182538317710780245e-05 2.617894544021655230e-05 3.112355770188240359e-05 3.667525464066808620e-05 4.283550160943376420e-05 4.958854800875496570e-05 5.689914534810180507e-05 6.471082107273621806e-05 7.294489333727656054e-05 8.150039111378909007e-05 9.025500783553317547e-05 9.906716606771614325e-05 1.077792078063223200e-04 1.162216537034991252e-04 1.242183997867509003e-04 1.315926479093711837e-04 1.381733024162309258e-04 1.438015162647103312e-04 1.483370401826519780e-04 1.516640220289738362e-04 1.536959221289496127e-04 1.543792536146179747e-04 1.536959221289496127e-04 1.516640220289738362e-04 1.483370401826519780e-04 1.438015162647103312e-04 1.381733024162309258e-04 1.315926479093711837e-04 1.242183997867509003e-04 1.162216537034991252e-04 1.077792078063223200e-04 9.906716606771614325e-05 9.025500783553317547e-05 8.150039111378909007e-05 7.294489333727656054e-05 6.471082107273621806e-05 5.689914534810180507e-05 4.958854800875496570e-05 4.283550160943376420e-05 3.667525464066808620e-05 3.112355770188240359e-05 2.617894544021655230e-05 2.182538317710780245e-05 1.803509450226893474e-05 1.477140424672827817e-05 1.199145717719819583e-05
0.000000000000000000e+00 1.351729973826239286e-05 1.665097875992423496e-05 2.032995444945732283e-05 2.460253511711470154e-05 2.951006263191327371e-05 3.508384778935997786e-05 4.134196558677464319e-05 4.828606783457035646e-05 5.589839976196890858e-05 6.413922771485527658e-05 7.294489333727656054e-05 8.222670298072398806e-05 9.187083764644760617e-05 1.017394279747723979e-04 1.116728816330912771e-04 1.214934795614998423e-04 1.310101771596199353e-04 1.400244622578173509e-04 1.483370401826519780e-04 1.557550443608525720e-04 1.620994153957255423e-04 1.672120581182007335e-04 1.709623788820529091e-04 1.732528263467533812e-04 1.740231077542486228e-04 1.732528263467533812e-04 1.709623788820529091e-04 1.672120581182007335e-04 1.620994153957255423e-04 1.557550443608525720e-04 1.483370401826519780e-04 1.400244622578173509e-04 1.310101771596199353e-04 1.214934795614998423e-04 1.116728816330912771e-04 1.017394279747723979e-04 9.187083764644760617e-05 8.222670298072398806e-05 7.294489333727656054e-05 6.413922771485527658e-05 5.589839976196890858e-05 4.828606783457035646e-05 4.134196558677464319e-05 3.508384778935997786e-05 2.951006263191327371e-05 2.460253511711470154e-05 2.032995444945732283e-05 1.665097875992423496e-05 1.351729973826239286e-05 0.000000000000000000e+00 1.351729973826239286e-05 1.665097875992423496e-05 2.032995444945732283e-05 2.460253511711470154e-05 2.951006263191327371e-05 3.508384778935997786e-05 4.134196558677464319e-05 4.828606783457035646e-05 5.589839976196890858e-05 6.413922771485527658e-05 7.294489333727656054e-05 8.222670298072398806e-05 9.187083764644760617e-05 1.017394279747723979e-04 1.116728816330912771e-04 1.214934795614998423e-04 1.310101771596199353e-04 1.400244622578173509e-04 1.483370401826519780e-04 1.557550443608525720e-04 1.620994153957255423e-04 1.672120581182007335e-04 1.709623788820529091e-04 1.732528263467533812e-04 1.740231077542486228e-04 1.732528263467533812e-04 1.709623788820529091e-04 1.672120581182007335e-04 1.620994153957255423e-04 1.557550443608525720e-04 1.483370401826519780e-04 1.400244622578173509e-04 1.310101771596199353e-04 1.214934795614998423e-04 1.116728816330912771e-04 1.017394279747723979e-04 9.187083764644760617e-05 8.222670298072398806e-05 7.294489333727656054e-05 6.413922771485527658e-05 5.589839976196890858e-05 4.828606783457035646e-05 4.134196558677464319e-05 3.508384778935997786e-05 2.951006263191327371e-05 2.460253511711470154e-05 2.032995444945732283e-05 1.665097875992423496e-05 1.351729973826239286e-05
0.000000000000000000e+00 1.510270513902756198e-05 1.860392440477707130e-05 2.271439662397276300e-05 2.748809605032238090e-05 3.297121342234233952e-05 3.919873188913538338e-05 4.619084641272766333e-05 5.394940253964818148e-05 6.245456309286708853e-05 7.166193417169307571e-05 8.150039111378909007e-05 9.187083764644760617e-05 1.026461052662970146e-04 1.136721543110382095e-04 1.247706743201143270e-04 1.357431020737038911e-04 1.463759858970063070e-04 1.564475306961383354e-04 1.657350670957790989e-04 1.740231077542486228e-04 1.811115919106701577e-04 1.868238818660502057e-04 1.910140670191474315e-04 1.935731545118873865e-04 1.944337800211779789e-04 1.935731545118873865e-04 1.910140670191474315e-04 1.868238818660502057e-04 1.811115919106701577e-04 1.740231077542486228e-04 1.657350670957790989e-04 1.564475306961383354e-04 1.463759858970063070e-04 1.357431020737038911e-04 1.247706743201143270e-04 1.136721543110382095e-04 1.026461052662970146e-04 9.187083764644760617e-05 8.150039111378909007e-05 7.166193417169307571e-05 6.245456309286708853e-05 5.394940253964818148e-05 4.619084641272766333e-05 3.919873188913538338e-05 3.297121342234233952e-05 2.748809605032238090e-05 2.271439662397276300e-05 1.860392440477707130e-05 1.510270513902756198e-05 0.000000000000000000e+00 1.510270513902756198e-05 1.860392440477707130e-05 2.271439662397276300e-05 2.748809605032238090e-05 3.297121342234233952e-05 3.919873188913538338e-05 4.619084641272766333e-05 5.394940253964818148e-05 6.245456309286708853e-05 7.166193417169307571e-05 8.150039111378909007e-05 9.187083764644760617e-05 1.026461052662970146e-04 1.136721543110382095e-04 1.247706743201143270e-04 1.357431020737038911e-04 1.463759858970063070e-04 1.564475306961383354e-04 1.657350670957790989e-04 1.740231077542486228e-04 1.811115919106701577e-04 1.868238818660502057e-04 1.910140670191474315e-04 1.935731545118873865e-04 1.944337800211779789e-04 1.935731545118873865e-04 1.910140670191474315e-04 1.868238818660502057e-04 1.811115919106701577e-04 1.740231077542486228e-04 1.657350670957790989e-04 1.564475306961383354e-04 1.463759858970063070e-04 1.357431020737038911e-04 1.247706743201143270e-04 1.136721543110382095e-04 1.026461052662970146e-04 9.187083764644760617e-05 8.150039111378909007e-05 7.166193417169307571e-05 6.245456309286708853e-05 5.394940253964818148e-05 4.619084641272766333e-05 3.919873188913538338e-05 3.297121342234233952e-05 2.748809605032238090e-05 2.271439662397276300e-05 1.860392440477707130e-05 1.510270513902756198e-05
0.000000000000000000e+00 1.672500894820929318e-05 2.060232251622574871e-05 2.515433382907060155e-05 3.044081495194179615e-05 3.651291834447484530e-05 4.340938497899186557e-05 5.115257912186013445e-05 5.974454456470036981e-05 6.916331325872402964e-05 7.935972259501615467e-05 9.025500783553317547e-05 1.017394279747723979e-04 1.136721543110382095e-04 1.258826005350161231e-04 1.381733024162309258e-04 1.503243674521322450e-04 1.620994153957255423e-04 1.732528263467533812e-04 1.835380122098743776e-04 1.927163384037571946e-04 2.005662540217895552e-04 2.068921472799194314e-04 2.115324341381396699e-04 2.143664139332376081e-04 2.153194861948913704e-04 2.143664139332376081e-04 2.115324341381396699e-04 2.068921472799194314e-04 2.005662540217895552e-04 1.927163384037571946e-04 1.835380122098743776e-04 1.732528263467533812e-04 1.620994153957255423e-04 1.503243674521322450e-04 1.381733024162309258e-04 1.258826005350161231e-04 1.136721543110382095e-04 1.017394279747723979e-04 9.025500783553317547e-05 7.935972259501615467e-05 6.916331325872402964e-05 5.974454456470036981e-05 5.115257912186013445e-05 4.340938497899186557e-05 3.651291834447484530e-05 3.044081495194179615e-05 2.515433382907060155e-05 2.060232251622574871e-05 1.672500894820929318e-05 0.000000000000000000e+00 1.672500894820929318e-05 2.060232251622574871e-05 2.515433382907060155e-05 3.044081495194179615e-05 3.651291834447484530e-05 4.340938497899186557e-05 5.115257912186013445e-05 5.974454456470036981e-05 6.916331325872402964e-05 7.935972259501615467e-05 9.025500783553317547e-05 1.017394279747723979e-04 1.136721543110382095e-04 1.258826005350161231e-04 1.381733024162309258e-04 1.503243674521322450e-04 1.620994153957255423e-04 1.732528263467533812e-04 1.835380122098743776e-04 1.927163384037571946e-04 2.005662540217895552e-04 2.068921472799194314e-04 2.115324341381396699e-04 2.143664139332376081e-04 2.153194861948913704e-04 2.143664139332376081e-04 2.115324341381396699e-04 2.068921472799194314e-04 2.005662540217895552e-04 1.927163384037571946e-04 1.835380122098743776e-04 1.732528263467533812e-04 1.620994153957255423e-04 1.503243674521322450e-04 1.381733024162309258e-04 1.258826005350161231e-04 1.136721543110382095e-04 1.017394279747723979e-04 9.025500783553317547e-05 7.935972259501615467e-05 6.916331325872402964e-05 5.974454456470036981e-05 5.115257912186013445e-05 4.340938497899186557e-05 3.651291834447484530e-05 3.044081495194179615e-05 2.515433382907060155e-05 2.060232251622574871e-05 1.672500894820929318e-05
0.000000000000000000e+00 1.835797568125600344e-05 2.261385550832606151e-05 2.761030802089438593e-05 3.341294120295191855e-05 4.007790184718099574e-05 4.764771344818536302e-05 5.614692383487035270e-05 6.557777634695468531e-05 7.591615805830049352e-05 8.710810630845817787e-05 9.906716606771614325e-05 1.116728816330912771e-04 1.247706743201143270e-04 1.381733024162309258e-04 1.516640220289738362e-04 1.650014711819873493e-04 1.779261903533486337e-04 1.901685782430092740e-04 2.014579708249240788e-04 2.115324341381396699e-04 2.201487858819262198e-04 2.270923154761153378e-04 2.321856624250495335e-04 2.352963413084321106e-04 2.363424679476524236e-04 2.352963413084321106e-04 2.321856624250495335e-04 2.270923154761153378e-04 2.201487858819262198e-04 2.115324341381396699e-04 2.014579708249240788e-04 1.901685782430092740e-04 1.779261903533486337e-04 1.650014711819873493e-04 1.516640220289738362e-04 1.381733024162309258e-04 1.247706743201143270e-04 1.116728816330912771e-04 9.906716606771614325e-05 8.710810630845817787e-05 7.591615805830049352e-05 6.557777634695468531e-05 5.614692383487035270e-05 4.764771344818536302e-05 4.007790184718099574e-05 3.341294120295191855e-05 2.761030802089438593e-05 2.261385550832606151e-05 1.835797568125600344e-05 0.000000000000000000e+00 1.835797568125600344e-05 2.261385550832606151e-05 2.761030802089438593e-05 3.341294120295191855e-05 4.007790184718099574e-05 4.764771344818536302e-05 5.614692383487035270e-05 6.557777634695468531e-05 7.591615805830049352e-05 8.710810630845817787e-05 9.906716606771614325e-05 1.116728816330912771e-04 1.247706743201143270e-04 1.381733024162309258e-04 1.516640220289738362e-04 1.650014711819873493e-04 1.779261903533486337e-04 1.901685782430092740e-04 2.014579708249240788e-04 2.115324341381396699e-04 2.201487858819262198e-04 2.270923154761153378e-04 2.321856624250495335e-04 2.352963413084321106e-04 2.363424679476524236e-04 2.352963413084321106e-04 2.321856624250495335e-04 2.270923154761153378e-04 2.201487858819262198e-04 2.115324341381396699e-04 2.014579708249240788e-04 1.901685782430092740e-04 1.779261903533486337e-04 1.650014711819873493e-04 1.516640220289738362e-04 1.381733024162309258e-04 1.247706743201143270e-04 1.116728816330912771e-04 9.906716606771614325e-05 8.710810630845817787e-05 7.591615805830049352e-05 6.557777634695468531e-05 5.614692383487035270e-05 4.764771344818536302e-05 4.007790184718099574e-05 3.341294120295191855e-05 2.761030802089438593e-05 2.261385550832606151e-05 1.835797568125600344e-05
