0.000000000000000000e+00 0.000000000000000000e+00 0.000000000000000000e+00 0.000000000000000000e+00 0.000000000000000000e+00 0.000000000000000000e+00 0.000000000000000000e+00 0.000000000000000000e+00 0.000000000000000000e+00 0.000000000000000000e+00 0.000000000000000000e+00 0.000000000000000000e+00 0.000000000000000000e+00 0.000000000000000000e+00 0.000000000000000000e+00 0.000000000000000000e+00 0.000000000000000000e+00 0.000000000000000000e+00 0.000000000000000000e+00 0.000000000000000000e+00 0.000000000000000000e+00 0.000000000000000000e+00 0.000000000000000000e+00 0.000000000000000000e+00 0.000000000000000000e+00 0.000000000000000000e+00 0.000000000000000000e+00 0.000000000000000000e+00 0.000000000000000000e+00 0.000000000000000000e+00 0.000000000000000000e+00 0.000000000000000000e+00 0.000000000000000000e+00 0.000000000000000000e+00 0.000000000000000000e+00 0.000000000000000000e+00 0.000000000000000000e+00 0.000000000000000000e+00 0.000000000000000000e+00 0.000000000000000000e+00 0.000000000000000000e+00 0.000000000000000000e+00 0.000000000000000000e+00 0.000000000000000000e+00 0.000000000000000000e+00 0.000000000000000000e+00 0.000000000000000000e+00 0.000000000000000000e+00 0.000000000000000000e+00 0.000000000000000000e+00 0.000000000000000000e+00 0.000000000000000000e+00 0.000000000000000000e+00 0.000000000000000000e+00 0.000000000000000000e+00 0.000000000000000000e+00 0.000000000000000000e+00 0.000000000000000000e+00 0.000000000000000000e+00 0.000000000000000000e+00 0.000000000000000000e+00 0.000000000000000000e+00 0.000000000000000000e+00 0.000000000000000000e+00 0.000000000000000000e+00 0.000000000000000000e+00 0.000000000000000000e+00 0.000000000000000000e+00 0.000000000000000000e+00 0.000000000000000000e+00 0.000000000000000000e+00 0.000000000000000000e+00 0.000000000000000000e+00 0.000000000000000000e+00 0.000000000000000000e+00 0.000000000000000000e+00 0.000000000000000000e+00 0.000000000000000000e+00 0.000000000000000000e+00 0.000000000000000000e+00 0.000000000000000000e+00 0.000000000000000000e+00 0.000000000000000000e+00 0.000000000000000000e+00 0.000000000000000000e+00 0.000000000000000000e+00 0.000000000000000000e+00 0.000000000000000000e+00 0.000000000000000000e+00 0.000000000000000000e+00 0.000000000000000000e+00 0.000000000000000000e+00 0.000000000000000000e+00 0.000000000000000000e+00 0.000000000000000000e+00 0.000000000000000000e+00 0.000000000000000000e+00 0.000000000000000000e+00 0.000000000000000000e+00 0.000000000000000000e+00
0.000000000000000000e+00 7.450550642423693895e-07 1.039160831934338796e-06 1.414079668669135998e-06 1.877421117539476622e-06 2.431902898143082171e-06 3.073459348664092265e-06 3.789705198813611055e-06 4.559110233543329560e-06 5.351203534494529190e-06 6.128011305341632378e-06 6.846748213419361252e-06 7.463557237088150494e-06 7.937871963880538918e-06 8.236809516493992858e-06 8.338936505264423859e-06 8.236809516493992858e-06 7.937871963880538918e-06 7.463557237088150494e-06 6.846748213419361252e-06 6.128011305341632378e-06 5.351203534494529190e-06 4.559110233543329560e-06 3.789705198813611055e-06 3.073459348664092265e-06 2.431902898143082171e-06 1.877421117539476622e-06 1.414079668669135998e-06 1.039160831934338796e-06 7.450550642423693895e-07 0.000000000000000000e+00 0.000000000000000000e+00 0.000000000000000000e+00 0.000000000000000000e+00 0.000000000000000000e+00 0.000000000000000000e+00 0.000000000000000000e+00 0.000000000000000000e+00 0.000000000000000000e+00 0.000000000000000000e+00 0.000000000000000000e+00 0.000000000000000000e+00 0.000000000000000000e+00 0.000000000000000000e+00 0.000000000000000000e+00 0.000000000000000000e+00 0.000000000000000000e+00 0.000000000000000000e+00 0.000000000000000000e+00 0.000000000000000000e+00 0.000000000000000000e+00 0.000000000000000000e+00 0.000000000000000000e+00 0.000000000000000000e+00 0.000000000000000000e+00 0.000000000000000000e+00 0.000000000000000000e+00 0.000000000000000000e+00 0.000000000000000000e+00 0.000000000000000000e+00 0.000000000000000000e+00 0.000000000000000000e+00 0.000000000000000000e+00 0.000000000000000000e+00 0.000000000000000000e+00 0.000000000000000000e+00 0.000000000000000000e+00 0.000000000000000000e+00 0.000000000000000000e+00 0.000000000000000000e+00 0.000000000000000000e+00 7.450550642423693895e-07 1.039160831934338796e-06 1.414079668669135998e-06 1.877421117539476622e-06 2.431902898143082171e-06 3.073459348664092265e-06 3.789705198813611055e-06 4.559110233543329560e-06 5.351203534494529190e-06 6.128011305341632378e-06 6.846748213419361252e-06 7.463557237088150494e-06 7.937871963880538918e-06 8.236809516493992858e-06 8.338936505264423859e-06 8.236809516493992858e-06 7.937871963880538918e-06 7.463557237088150494e-06 6.846748213419361252e-06 6.128011305341632378e-06 5.351203534494529190e-06 4.559110233543329560e-06 3.789705198813611055e-06 3.073459348664092265e-06 2.431902898143082171e-06 1.877421117539476622e-06 1.414079668669135998e-06 1.039160831934338796e-06 7.450550642423693895e-07
0.000000000000000000e+00 1.039160831934338796e-06 1.449362988659837649e-06 1.972278661591157148e-06 2.618521212760685430e-06 3.391881164364258839e-06 4.286687960334686776e-06 5.285667323380488264e-06 6.358790122427874840e-06 7.463557237088150494e-06 8.547004955448921478e-06 9.549458705762606025e-06 1.040974918487242885e-05 1.107129664592283540e-05 1.148823790406474533e-05 1.163067887481573815e-05 1.148823790406474533e-05 1.107129664592283540e-05 1.040974918487242885e-05 9.549458705762606025e-06 8.547004955448921478e-06 7.463557237088150494e-06 6.358790122427874840e-06 5.285667323380488264e-06 4.286687960334686776e-06 3.391881164364258839e-06 2.618521212760685430e-06 1.972278661591157148e-06 1.449362988659837649e-06 1.039160831934338796e-06 0.000000000000000000e+00 0.000000000000000000e+00 0.000000000000000000e+00 0.000000000000000000e+00 0.000000000000000000e+00 0.000000000000000000e+00 0.000000000000000000e+00 0.000000000000000000e+00 0.000000000000000000e+00 0.000000000000000000e+00 0.000000000000000000e+00 0.000000000000000000e+00 0.000000000000000000e+00 0.000000000000000000e+00 0.000000000000000000e+00 0.000000000000000000e+00 0.000000000000000000e+00 0.000000000000000000e+00 0.000000000000000000e+00 0.000000000000000000e+00 0.000000000000000000e+00 0.000000000000000000e+00 0.000000000000000000e+00 0.000000000000000000e+00 0.000000000000000000e+00 0.000000000000000000e+00 0.000000000000000000e+00 0.000000000000000000e+00 0.000000000000000000e+00 0.000000000000000000e+00 0.000000000000000000e+00 0.000000000000000000e+00 0.000000000000000000e+00 0.000000000000000000e+00 0.000000000000000000e+00 0.000000000000000000e+00 0.000000000000000000e+00 0.000000000000000000e+00 0.000000000000000000e+00 0.000000000000000000e+00 0.000000000000000000e+00 1.039160831934338796e-06 1.449362988659837649e-06 1.972278661591157148e-06 2.618521212760685430e-06 3.391881164364258839e-06 4.286687960334686776e-06 5.285667323380488264e-06 6.358790122427874840e-06 7.463557237088150494e-06 8.547004955448921478e-06 9.549458705762606025e-06 1.040974918487242885e-05 1.107129664592283540e-05 1.148823790406474533e-05 1.163067887481573815e-05 1.148823790406474533e-05 1.107129664592283540e-05 1.040974918487242885e-05 9.549458705762606025e-06 8.547004955448921478e-06 7.463557237088150494e-06 6.358790122427874840e-06 5.285667323380488264e-06 4.286687960334686776e-06 3.391881164364258839e-06 2.618521212760685430e-06 1.972278661591157148e-06 1.449362988659837649e-06 1.039160831934338796e-06
0.000000000000000000e+00 1.414079668669135998e-06 1.972278661591157148e-06 2.683857080250549376e-06 3.563257481569223154e-06 4.615637970246705756e-06 5.833282110291337218e-06 7.192683237904632716e-06 8.652978011807457829e-06 1.015633405395865604e-05 1.163067887481573815e-05 1.299480791387990194e-05 1.416548259509776858e-05 1.506570976473591734e-05 1.563307925947554348e-05 1.582691150808862999e-05 1.563307925947554348e-05 1.506570976473591734e-05 1.416548259509776858e-05 1.299480791387990194e-05 1.163067887481573815e-05 1.015633405395865604e-05 8.652978011807457829e-06 7.192683237904632716e-06 5.833282110291337218e-06 4.615637970246705756e-06 3.563257481569223154e-06 2.683857080250549376e-06 1.972278661591157148e-06 1.414079668669135998e-06 0.000000000000000000e+00 0.000000000000000000e+00 0.000000000000000000e+00 0.000000000000000000e+00 0.000000000000000000e+00 0.000000000000000000e+00 0.000000000000000000e+00 0.000000000000000000e+00 0.000000000000000000e+00 0.000000000000000000e+00 0.000000000000000000e+00 0.000000000000000000e+00 0.000000000000000000e+00 0.000000000000000000e+00 0.000000000000000000e+00 0.000000000000000000e+00 0.000000000000000000e+00 0.000000000000000000e+00 0.000000000000000000e+00 0.000000000000000000e+00 0.000000000000000000e+00 0.000000000000000000e+00 0.000000000000000000e+00 0.000000000000000000e+00 0.000000000000000000e+00 0.000000000000000000e+00 0.000000000000000000e+00 0.000000000000000000e+00 0.000000000000000000e+00 0.000000000000000000e+00 0.000000000000000000e+00 0.000000000000000000e+00 0.000000000000000000e+00 0.000000000000000000e+00 0.000000000000000000e+00 0.000000000000000000e+00 0.000000000000000000e+00 0.000000000000000000e+00 0.000000000000000000e+00 0.000000000000000000e+00 0.000000000000000000e+00 1.414079668669135998e-06 1.972278661591157148e-06 2.683857080250549376e-06 3.563257481569223154e-06 4.615637970246705756e-06 5.833282110291337218e-06 7.192683237904632716e-06 8.652978011807457829e-06 1.015633405395865604e-05 1.163067887481573815e-05 1.299480791387990194e-05 1.416548259509776858e-05 1.506570976473591734e-05 1.563307925947554348e-05 1.582691150808862999e-05 1.563307925947554348e-05 1.506570976473591734e-05 1.416548259509776858e-05 1.299480791387990194e-05 1.163067887481573815e-05 1.015633405395865604e-05 8.652978011807457829e-06 7.192683237904632716e-06 5.833282110291337218e-06 4.615637970246705756e-06 3.563257481569223154e-06 2.683857080250549376e-06 1.972278661591157148e-06 1.414079668669135998e-06
0.000000000000000000e+00 1.877421117539476622e-06 2.618521212760685430e-06 3.563257481569223154e-06 4.730804771010288200e-06 6.128011305341632378e-06 7.744632258756154204e-06 9.549458705762606025e-06 1.148823790406474533e-05 1.348418795076300740e-05 1.544162087518736296e-05 1.725272439483433611e-05 1.880698574020515904e-05 2.000218395732689610e-05 2.075545938761039387e-05 2.101280327343887585e-05 2.075545938761039387e-05 2.000218395732689610e-05 1.880698574020515904e-05 1.725272439483433611e-05 1.544162087518736296e-05 1.348418795076300740e-05 1.148823790406474533e-05 9.549458705762606025e-06 7.744632258756154204e-06 6.128011305341632378e-06 4.730804771010288200e-06 3.563257481569223154e-06 2.618521212760685430e-06 1.877421117539476622e-06 0.000000000000000000e+00 0.000000000000000000e+00 0.000000000000000000e+00 0.000000000000000000e+00 0.000000000000000000e+00 0.000000000000000000e+00 0.000000000000000000e+00 0.000000000000000000e+00 0.000000000000000000e+00 0.000000000000000000e+00 0.000000000000000000e+00 0.000000000000000000e+00 0.000000000000000000e+00 0.000000000000000000e+00 0.000000000000000000e+00 0.000000000000000000e+00 0.000000000000000000e+00 0.000000000000000000e+00 0.000000000000000000e+00 0.000000000000000000e+00 0.000000000000000000e+00 0.000000000000000000e+00 0.000000000000000000e+00 0.000000000000000000e+00 0.000000000000000000e+00 0.000000000000000000e+00 0.000000000000000000e+00 0.000000000000000000e+00 0.000000000000000000e+00 0.000000000000000000e+00 0.000000000000000000e+00 0.000000000000000000e+00 0.000000000000000000e+00 0.000000000000000000e+00 0.000000000000000000e+00 0.000000000000000000e+00 0.000000000000000000e+00 0.000000000000000000e+00 0.000000000000000000e+00 0.000000000000000000e+00 0.000000000000000000e+00 1.877421117539476622e-06 2.618521212760685430e-06 3.563257481569223154e-06 4.730804771010288200e-06 6.128011305341632378e-06 7.744632258756154204e-06 9.549458705762606025e-06 1.148823790406474533e-05 1.348418795076300740e-05 1.544162087518736296e-05 1.725272439483433611e-05 1.880698574020515904e-05 2.000218395732689610e-05 2.075545938761039387e-05 2.101280327343887585e-05 2.075545938761039387e-05 2.000218395732689610e-05 1.880698574020515904e-05 1.725272439483433611e-05 1.544162087518736296e-05 1.348418795076300740e-05 1.148823790406474533e-05 9.549458705762606025e-06 7.744632258756154204e-06 6.128011305341632378e-06 4.730804771010288200e-06 3.563257481569223154e-06 2.618521212760685430e-06 1.877421117539476622e-06
0.000000000000000000e+00 2.431902898143082171e-06 3.391881164364258839e-06 4.615637970246705756e-06 6.128011305341632378e-06 7.937871963880538918e-06 1.003194939013221194e-05 1.236981734427169593e-05 1.488119995692164827e-05 1.746663838507561505e-05 2.000218395732689610e-05 2.234818286887583447e-05 2.436148326001708240e-05 2.590967401004079548e-05 2.688542350219909682e-05 2.721877191077878171e-05 2.688542350219909682e-05 2.590967401004079548e-05 2.436148326001708240e-05 2.234818286887583447e-05 2.000218395732689610e-05 1.746663838507561505e-05 1.488119995692164827e-05 1.236981734427169593e-05 1.003194939013221194e-05 7.937871963880538918e-06 6.128011305341632378e-06 4.615637970246705756e-06 3.391881164364258839e-06 2.431902898143082171e-06 0.000000000000000000e+00 0.000000000000000000e+00 0.000000000000000000e+00 0.000000000000000000e+00 0.000000000000000000e+00 0.000000000000000000e+00 0.000000000000000000e+00 0.000000000000000000e+00 0.000000000000000000e+00 0.000000000000000000e+00 0.000000000000000000e+00 0.000000000000000000e+00 0.000000000000000000e+00 0.000000000000000000e+00 0.000000000000000000e+00 0.000000000000000000e+00 0.000000000000000000e+00 0.000000000000000000e+00 0.000000000000000000e+00 0.000000000000000000e+00 0.000000000000000000e+00 0.000000000000000000e+00 0.000000000000000000e+00 0.000000000000000000e+00 0.000000000000000000e+00 0.000000000000000000e+00 0.000000000000000000e+00 0.000000000000000000e+00 0.000000000000000000e+00 0.000000000000000000e+00 0.000000000000000000e+00 0.000000000000000000e+00 0.000000000000000000e+00 0.000000000000000000e+00 0.000000000000000000e+00 0.000000000000000000e+00 0.000000000000000000e+00 0.000000000000000000e+00 0.000000000000000000e+00 0.000000000000000000e+00 0.000000000000000000e+00 2.431902898143082171e-06 3.391881164364258839e-06 4.615637970246705756e-06 6.128011305341632378e-06 7.937871963880538918e-06 1.003194939013221194e-05 1.236981734427169593e-05 1.488119995692164827e-05 1.746663838507561505e-05 2.000218395732689610e-05 2.234818286887583447e-05 2.436148326001708240e-05 2.590967401004079548e-05 2.688542350219909682e-05 2.721877191077878171e-05 2.688542350219909682e-05 2.590967401004079548e-05 2.436148326001708240e-05 2.234818286887583447e-05 2.000218395732689610e-05 1.746663838507561505e-05 1.488119995692164827e-05 1.236981734427169593e-05 1.003194939013221194e-05 7.937871963880538918e-06 6.128011305341632378e-06 4.615637970246705756e-06 3.391881164364258839e-06 2.431902898143082171e-06
0.000000000000000000e+00 3.073459348664092265e-06 4.286687960334686776e-06 5.833282110291337218e-06 7.744632258756154204e-06 1.003194939013221194e-05 1.267846206440634570e-05 1.563307925947554348e-05 1.880698574020515904e-05 2.207448458379496480e-05 2.527892841621521845e-05 2.824382158368561954e-05 3.078824756119768764e-05 3.274486406007555466e-05 3.397802447981026764e-05 3.439931300390957546e-05 3.397802447981026764e-05 3.274486406007555466e-05 3.078824756119768764e-05 2.824382158368561954e-05 2.527892841621521845e-05 2.207448458379496480e-05 1.880698574020515904e-05 1.563307925947554348e-05 1.267846206440634570e-05 1.003194939013221194e-05 7.744632258756154204e-06 5.833282110291337218e-06 4.286687960334686776e-06 3.073459348664092265e-06 0.000000000000000000e+00 0.000000000000000000e+00 0.000000000000000000e+00 0.000000000000000000e+00 0.000000000000000000e+00 0.000000000000000000e+00 0.000000000000000000e+00 0.000000000000000000e+00 0.000000000000000000e+00 0.000000000000000000e+00 0.000000000000000000e+00 0.000000000000000000e+00 0.000000000000000000e+00 0.000000000000000000e+00 0.000000000000000000e+00 0.000000000000000000e+00 0.000000000000000000e+00 0.000000000000000000e+00 0.000000000000000000e+00 0.000000000000000000e+00 0.000000000000000000e+00 0.000000000000000000e+00 0.000000000000000000e+00 0.000000000000000000e+00 0.000000000000000000e+00 0.000000000000000000e+00 0.000000000000000000e+00 0.000000000000000000e+00 0.000000000000000000e+00 0.000000000000000000e+00 0.000000000000000000e+00 0.000000000000000000e+00 0.000000000000000000e+00 0.000000000000000000e+00 0.000000000000000000e+00 0.000000000000000000e+00 0.000000000000000000e+00 0.000000000000000000e+00 0.000000000000000000e+00 0.000000000000000000e+00 0.000000000000000000e+00 3.073459348664092265e-06 4.286687960334686776e-06 5.833282110291337218e-06 7.744632258756154204e-06 1.003194939013221194e-05 1.267846206440634570e-05 1.563307925947554348e-05 1.880698574020515904e-05 2.207448458379496480e-05 2.527892841621521845e-05 2.824382158368561954e-05 3.078824756119768764e-05 3.274486406007555466e-05 3.397802447981026764e-05 3.439931300390957546e-05 3.397802447981026764e-05 3.274486406007555466e-05 3.078824756119768764e-05 2.824382158368561954e-05 2.527892841621521845e-05 2.207448458379496480e-05 1.880698574020515904e-05 1.563307925947554348e-05 1.267846206440634570e-05 1.003194939013221194e-05 7.744632258756154204e-06 5.833282110291337218e-06 4.286687960334686776e-06 3.073459348664092265e-06
0.000000000000000000e+00 3.789705198813611055e-06 5.285667323380488264e-06 7.192683237904632716e-06 9.549458705762606025e-06 1.236981734427169593e-05 1.563307925947554348e-05 1.927624706305322959e-05 2.318980781855740916e-05 2.721877191077878171e-05 3.116998651080520743e-05 3.482582502240724992e-05 3.796320972839503318e-05 4.037580051834802649e-05 4.189633940417097365e-05 4.241580594947394711e-05 4.189633940417097365e-05 4.037580051834802649e-05 3.796320972839503318e-05 3.482582502240724992e-05 3.116998651080520743e-05 2.721877191077878171e-05 2.318980781855740916e-05 1.927624706305322959e-05 1.563307925947554348e-05 1.236981734427169593e-05 9.549458705762606025e-06 7.192683237904632716e-06 5.285667323380488264e-06 3.789705198813611055e-06 0.000000000000000000e+00 0.000000000000000000e+00 0.000000000000000000e+00 0.000000000000000000e+00 0.000000000000000000e+00 0.000000000000000000e+00 0.000000000000000000e+00 0.000000000000000000e+00 0.000000000000000000e+00 0.000000000000000000e+00 0.000000000000000000e+00 0.000000000000000000e+00 0.000000000000000000e+00 0.000000000000000000e+00 0.000000000000000000e+00 0.000000000000000000e+00 0.000000000000000000e+00 0.000000000000000000e+00 0.000000000000000000e+00 0.000000000000000000e+00 0.000000000000000000e+00 0.000000000000000000e+00 0.000000000000000000e+00 0.000000000000000000e+00 0.000000000000000000e+00 0.000000000000000000e+00 0.000000000000000000e+00 0.000000000000000000e+00 0.000000000000000000e+00 0.000000000000000000e+00 0.000000000000000000e+00 0.000000000000000000e+00 0.000000000000000000e+00 0.000000000000000000e+00 0.000000000000000000e+00 0.000000000000000000e+00 0.000000000000000000e+00 0.000000000000000000e+00 0.000000000000000000e+00 0.000000000000000000e+00 0.000000000000000000e+00 3.789705198813611055e-06 5.285667323380488264e-06 7.192683237904632716e-06 9.549458705762606025e-06 1.236981734427169593e-05 1.563307925947554348e-05 1.927624706305322959e-05 2.318980781855740916e-05 2.721877191077878171e-05 3.116998651080520743e-05 3.482582502240724992e-05 3.796320972839503318e-05 4.037580051834802649e-05 4.189633940417097365e-05 4.241580594947394711e-05 4.189633940417097365e-05 4.037580051834802649e-05 3.796320972839503318e-05 3.482582502240724992e-05 3.116998651080520743e-05 2.721877191077878171e-05 2.318980781855740916e-05 1.927624706305322959e-05 1.563307925947554348e-05 1.236981734427169593e-05 9.549458705762606025e-06 7.192683237904632716e-06 5.285667323380488264e-06 3.789705198813611055e-06
0.000000000000000000e+00 4.559110233543329560e-06 6.358790122427874840e-06 8.652978011807457829e-06 1.148823790406474533e-05 1.488119995692164827e-05 1.880698574020515904e-05 2.318980781855740916e-05 2.789791938765737240e-05 3.274486406007555466e-05 3.749827414684052244e-05 4.189633940417097365e-05 4.567069175329539397e-05 4.857309887542998300e-05 5.040234522341137049e-05 5.102727648281794772e-05 5.040234522341137049e-05 4.857309887542998300e-05 4.567069175329539397e-05 4.189633940417097365e-05 3.749827414684052244e-05 3.274486406007555466e-05 2.789791938765737240e-05 2.318980781855740916e-05 1.880698574020515904e-05 1.488119995692164827e-05 1.148823790406474533e-05 8.652978011807457829e-06 6.358790122427874840e-06 4.559110233543329560e-06 0.000000000000000000e+00 0.000000000000000000e+00 0.000000000000000000e+00 0.000000000000000000e+00 0.000000000000000000e+00 0.000000000000000000e+00 0.000000000000000000e+00 0.000000000000000000e+00 0.000000000000000000e+00 0.000000000000000000e+00 0.000000000000000000e+00 0.000000000000000000e+00 0.000000000000000000e+00 0.000000000000000000e+00 0.000000000000000000e+00 0.000000000000000000e+00 0.000000000000000000e+00 0.000000000000000000e+00 0.000000000000000000e+00 0.000000000000000000e+00 0.000000000000000000e+00 0.000000000000000000e+00 0.000000000000000000e+00 0.000000000000000000e+00 0.000000000000000000e+00 0.000000000000000000e+00 0.000000000000000000e+00 0.000000000000000000e+00 0.000000000000000000e+00 0.000000000000000000e+00 0.000000000000000000e+00 0.000000000000000000e+00 0.000000000000000000e+00 0.000000000000000000e+00 0.000000000000000000e+00 0.000000000000000000e+00 0.000000000000000000e+00 0.000000000000000000e+00 0.000000000000000000e+00 0.000000000000000000e+00 0.000000000000000000e+00 4.559110233543329560e-06 6.358790122427874840e-06 8.652978011807457829e-06 1.148823790406474533e-05 1.488119995692164827e-05 1.880698574020515904e-05 2.318980781855740916e-05 2.789791938765737240e-05 3.274486406007555466e-05 3.749827414684052244e-05 4.189633940417097365e-05 4.567069175329539397e-05 4.857309887542998300e-05 5.040234522341137049e-05 5.102727648281794772e-05 5.040234522341137049e-05 4.857309887542998300e-05 4.567069175329539397e-05 4.189633940417097365e-05 3.749827414684052244e-05 3.274486406007555466e-05 2.789791938765737240e-05 2.318980781855740916e-05 1.880698574020515904e-05 1.488119995692164827e-05 1.148823790406474533e-05 8.652978011807457829e-06 6.358790122427874840e-06 4.559110233543329560e-06
0.000000000000000000e+00 5.351203534494529190e-06 7.463557237088150494e-06 1.015633405395865604e-05 1.348418795076300740e-05 1.746663838507561505e-05 2.207448458379496480e-05 2.721877191077878171e-05 3.274486406007555466e-05 3.843390997778862647e-05 4.401317074451712423e-05 4.917534957862548301e-05 5.360545251460233340e-05 5.701211970510756369e-05 5.915917670117662696e-05 5.989268262510633143e-05 5.915917670117662696e-05 5.701211970510756369e-05 5.360545251460233340e-05 4.917534957862548301e-05 4.401317074451712423e-05 3.843390997778862647e-05 3.274486406007555466e-05 2.721877191077878171e-05 2.207448458379496480e-05 1.746663838507561505e-05 1.348418795076300740e-05 1.015633405395865604e-05 7.463557237088150494e-06 5.351203534494529190e-06 0.000000000000000000e+00 0.000000000000000000e+00 0.000000000000000000e+00 0.000000000000000000e+00 0.000000000000000000e+00 0.000000000000000000e+00 0.000000000000000000e+00 0.000000000000000000e+00 0.000000000000000000e+00 0.000000000000000000e+00 0.000000000000000000e+00 0.000000000000000000e+00 0.000000000000000000e+00 0.000000000000000000e+00 0.000000000000000000e+00 0.000000000000000000e+00 0.000000000000000000e+00 0.000000000000000000e+00 0.000000000000000000e+00 0.000000000000000000e+00 0.000000000000000000e+00 0.000000000000000000e+00 0.000000000000000000e+00 0.000000000000000000e+00 0.000000000000000000e+00 0.000000000000000000e+00 0.000000000000000000e+00 0.000000000000000000e+00 0.000000000000000000e+00 0.000000000000000000e+00 0.000000000000000000e+00 0.000000000000000000e+00 0.000000000000000000e+00 0.000000000000000000e+00 0.000000000000000000e+00 0.000000000000000000e+00 0.000000000000000000e+00 0.000000000000000000e+00 0.000000000000000000e+00 0.000000000000000000e+00 0.000000000000000000e+00 5.351203534494529190e-06 7.463557237088150494e-06 1.015633405395865604e-05 1.348418795076300740e-05 1.746663838507561505e-05 2.207448458379496480e-05 2.721877191077878171e-05 3.274486406007555466e-05 3.843390997778862647e-05 4.401317074451712423e-05 4.917534957862548301e-05 5.360545251460233340e-05 5.701211970510756369e-05 5.915917670117662696e-05 5.989268262510633143e-05 5.915917670117662696e-05 5.701211970510756369e-05 5.360545251460233340e-05 4.917534957862548301e-05 4.401317074451712423e-05 3.843390997778862647e-05 3.274486406007555466e-05 2.721877191077878171e-05 2.207448458379496480e-05 1.746663838507561505e-05 1.348418795076300740e-05 1.015633405395865604e-05 7.463557237088150494e-06 5.351203534494529190e-06
0.000000000000000000e+00 6.128011305341632378e-06 8.547004955448921478e-06 1.163067887481573815e-05 1.544162087518736296e-05 2.000218395732689610e-05 2.527892841621521845e-05 3.116998651080520743e-05 3.749827414684052244e-05 4.401317074451712423e-05 5.040234522341137049e-05 5.631389204679332664e-05 6.138709113191420327e-05 6.528828736232900303e-05 6.774702201151796134e-05 6.858700736535497486e-05 6.774702201151796134e-05 6.528828736232900303e-05 6.138709113191420327e-05 5.631389204679332664e-05 5.040234522341137049e-05 4.401317074451712423e-05 3.749827414684052244e-05 3.116998651080520743e-05 2.527892841621521845e-05 2.000218395732689610e-05 1.544162087518736296e-05 1.163067887481573815e-05 8.547004955448921478e-06 6.128011305341632378e-06 0.000000000000000000e+00 0.000000000000000000e+00 0.000000000000000000e+00 0.000000000000000000e+00 0.000000000000000000e+00 0.000000000000000000e+00 0.000000000000000000e+00 0.000000000000000000e+00 0.000000000000000000e+00 0.000000000000000000e+00 0.000000000000000000e+00 0.000000000000000000e+00 0.000000000000000000e+00 0.000000000000000000e+00 0.000000000000000000e+00 0.000000000000000000e+00 0.000000000000000000e+00 0.000000000000000000e+00 0.000000000000000000e+00 0.000000000000000000e+00 0.000000000000000000e+00 0.000000000000000000e+00 0.000000000000000000e+00 0.000000000000000000e+00 0.000000000000000000e+00 0.000000000000000000e+00 0.000000000000000000e+00 0.000000000000000000e+00 0.000000000000000000e+00 0.000000000000000000e+00 0.000000000000000000e+00 0.000000000000000000e+00 0.000000000000000000e+00 0.000000000000000000e+00 0.000000000000000000e+00 0.000000000000000000e+00 0.000000000000000000e+00 0.000000000000000000e+00 0.000000000000000000e+00 0.000000000000000000e+00 0.000000000000000000e+00 6.128011305341632378e-06 8.547004955448921478e-06 1.163067887481573815e-05 1.544162087518736296e-05 2.000218395732689610e-05 2.527892841621521845e-05 3.116998651080520743e-05 3.749827414684052244e-05 4.401317074451712423e-05 5.040234522341137049e-05 5.631389204679332664e-05 6.138709113191420327e-05 6.528828736232900303e-05 6.774702201151796134e-05 6.858700736535497486e-05 6.774702201151796134e-05 6.528828736232900303e-05 6.138709113191420327e-05 5.631389204679332664e-05 5.040234522341137049e-05 4.401317074451712423e-05 3.749827414684052244e-05 3.116998651080520743e-05 2.527892841621521845e-05 2.000218395732689610e-05 1.544162087518736296e-05 1.163067887481573815e-05 8.547004955448921478e-06 6.128011305341632378e-06
0.000000000000000000e+00 6.846748213419361252e-06 9.549458705762606025e-06 1.299480791387990194e-05 1.725272439483433611e-05 2.234818286887583447e-05 2.824382158368561954e-05 3.482582502240724992e-05 4.189633940417097365e-05 4.917534957862548301e-05 5.631389204679332664e-05 6.560083992714790227e-05 7.165190216974449088e-05 7.643603110665689402e-05 7.965380181222354113e-05 8.111088070020582507e-05 8.074131599569513737e-05 7.861571980704712946e-05 7.493296353785127914e-05 6.999676665222252586e-05 6.418102277731233159e-05 5.788936434214562668e-05 5.151501030517253147e-05 4.540633717081633060e-05 3.984209024809464436e-05 3.501812085055757068e-05 3.104546801226265720e-05 2.795791169101330919e-05 2.572607046607746229e-05 2.427477774045965536e-05 1.871129567877951986e-05 2.001954884855093361e-05 2.134516718723729361e-05 2.267982428141541586e-05 2.401456145110249907e-05 2.533987596336346565e-05 2.664582427124061111e-05 2.792213895970897531e-05 2.915835766491914674e-05 3.034396184381280869e-05 3.146852292207601978e-05 3.252185305241242947e-05 3.349415748410779404e-05 3.437618538888613832e-05 3.515937591496637787e-05 3.583599625624060182e-05 3.639926862891804132e-05 3.684348324303601330e-05 3.716409463699874341e-05 3.735779910276144824e-05 3.742259135755902617e-05 3.735779910276144824e-05 3.716409463699874341e-05 3.684348324303601330e-05 3.639926862891804132e-05 3.583599625624060182e-05 3.515937591496637787e-05 3.437618538888613832e-05 3.349415748410779404e-05 3.252185305241242947e-05 3.146852292207601978e-05 3.034396184381280869e-05 2.915835766491914674e-05 2.792213895970897531e-05 2.664582427124061111e-05 2.533987596336346565e-05 2.401456145110249907e-05 2.267982428141541586e-05 2.134516718723729361e-05 2.001954884855093361e-05 1.871129567877951986e-05 2.427477774045965536e-05 2.572607046607746229e-05 2.795791169101330919e-05 3.104546801226265720e-05 3.501812085055757068e-05 3.984209024809464436e-05 4.540633717081633060e-05 5.151501030517253147e-05 5.788936434214562668e-05 6.418102277731233159e-05 6.999676665222252586e-05 7.493296353785127914e-05 7.861571980704712946e-05 8.074131599569513737e-05 8.111088070020582507e-05 7.965380181222354113e-05 7.643603110665689402e-05 7.165190216974449088e-05 6.560083992714790227e-05 5.631389204679332664e-05 4.917534957862548301e-05 4.189633940417097365e-05 3.482582502240724992e-05 2.824382158368561954e-05 2.234818286887583447e-05 1.725272439483433611e-05 1.299480791387990194e-05 9.549458705762606025e-06 6.846748213419361252e-06
0.000000000000000000e+00 7.463557237088150494e-06 1.040974918487242885e-05 1.416548259509776858e-05 1.880698574020515904e-05 2.436148326001708240e-05 3.078824756119768764e-05 3.796320972839503318e-05 4.567069175329539397e-05 5.360545251460233340e-05 6.138709113191420327e-05 7.165190216974449088e-05 7.826825007709208091e-05 8.350576875538852427e-05 8.703820379214716836e-05 8.865385300303096829e-05 8.828095216716998130e-05 8.599659106523505352e-05 8.201765743704803654e-05 7.667531324551240808e-05 7.037719358762164839e-05 6.356332511238299327e-05 5.666235311622168163e-05 5.005400769607792498e-05 4.404207887194031310e-05 3.883995634816717426e-05 3.456853623598612140e-05 3.126445306090797424e-05 2.889544646040738125e-05 2.737930243264946685e-05 2.138218760986144296e-05 2.287718374468139439e-05 2.439202379122132208e-05 2.591719280530053307e-05 2.744245332504483963e-05 2.895694617630017355e-05 3.044930844811649429e-05 3.190780713182881181e-05 3.332048644251928740e-05 3.467532639691597412e-05 3.596040982282977370e-05 3.716409463699874341e-05 3.827518796422292368e-05 3.928311849243811400e-05 4.017810337485362677e-05 4.095130600743143864e-05 4.159498113045882061e-05 4.210260392586391901e-05 4.246898010276035809e-05 4.269033437447459399e-05 4.276437521972290624e-05 4.269033437447459399e-05 4.246898010276035809e-05 4.210260392586391901e-05 4.159498113045882061e-05 4.095130600743143864e-05 4.017810337485362677e-05 3.928311849243811400e-05 3.827518796422292368e-05 3.716409463699874341e-05 3.596040982282977370e-05 3.467532639691597412e-05 3.332048644251928740e-05 3.190780713182881181e-05 3.044930844811649429e-05 2.895694617630017355e-05 2.744245332504483963e-05 2.591719280530053307e-05 2.439202379122132208e-05 2.287718374468139439e-05 2.138218760986144296e-05 2.737930243264946685e-05 2.889544646040738125e-05 3.126445306090797424e-05 3.456853623598612140e-05 3.883995634816717426e-05 4.404207887194031310e-05 5.005400769607792498e-05 5.666235311622168163e-05 6.356332511238299327e-05 7.037719358762164839e-05 7.667531324551240808e-05 8.201765743704803654e-05 8.599659106523505352e-05 8.828095216716998130e-05 8.865385300303096829e-05 8.703820379214716836e-05 8.350576875538852427e-05 7.826825007709208091e-05 7.165190216974449088e-05 6.138709113191420327e-05 5.360545251460233340e-05 4.567069175329539397e-05 3.796320972839503318e-05 3.078824756119768764e-05 2.436148326001708240e-05 1.880698574020515904e-05 1.416548259509776858e-05 1.040974918487242885e-05 7.463557237088150494e-06
0.000000000000000000e+00 7.937871963880538918e-06 1.107129664592283540e-05 1.506570976473591734e-05 2.000218395732689610e-05 2.590967401004079548e-05 3.274486406007555466e-05 4.037580051834802649e-05 4.857309887542998300e-05 5.701211970510756369e-05 6.528828736232900303e-05 7.643603110665689402e-05 8.350576875538852427e-05 8.911270818930469443e-05 9.291009815965473766e-05 9.467300880363175317e-05 9.432532588499307916e-05 9.194922832695633758e-05 8.777555124397945106e-05 8.215663454745227967e-05 7.552611386418687286e-05 6.835203184581527670e-05 6.109027791262470260e-05 5.414466382908461281e-05 4.783817652373163163e-05 4.239759461145673250e-05 3.795125852806595574e-05 3.453782299724090485e-05 3.212259860885477458e-05 3.061769624529595647e-05 2.434979223634555683e-05 2.605227684368369997e-05 2.777735947215767323e-05 2.951420461147414209e-05 3.125115395640203926e-05 3.297584120283186728e-05 3.467532639691597412e-05 3.633624812173515248e-05 3.794499126530538846e-05 3.948786760728661570e-05 4.095130600743143864e-05 4.232204859363629564e-05 4.358734904683315905e-05 4.473516887698897624e-05 4.575436748936276846e-05 4.663488185970634674e-05 4.736789177428554933e-05 4.794596684443627461e-05 4.836319187073154685e-05 4.861526759961460128e-05 4.869958447269114076e-05 4.861526759961460128e-05 4.836319187073154685e-05 4.794596684443627461e-05 4.736789177428554933e-05 4.663488185970634674e-05 4.575436748936276846e-05 4.473516887698897624e-05 4.358734904683315905e-05 4.232204859363629564e-05 4.095130600743143864e-05 3.948786760728661570e-05 3.794499126530538846e-05 3.633624812173515248e-05 3.467532639691597412e-05 3.297584120283186728e-05 3.125115395640203926e-05 2.951420461147414209e-05 2.777735947215767323e-05 2.605227684368369997e-05 2.434979223634555683e-05 3.061769624529595647e-05 3.212259860885477458e-05 3.453782299724090485e-05 3.795125852806595574e-05 4.239759461145673250e-05 4.783817652373163163e-05 5.414466382908461281e-05 6.109027791262470260e-05 6.835203184581527670e-05 7.552611386418687286e-05 8.215663454745227967e-05 8.777555124397945106e-05 9.194922832695633758e-05 9.432532588499307916e-05 9.467300880363175317e-05 9.291009815965473766e-05 8.911270818930469443e-05 8.350576875538852427e-05 7.643603110665689402e-05 6.528828736232900303e-05 5.701211970510756369e-05 4.857309887542998300e-05 4.037580051834802649e-05 3.274486406007555466e-05 2.590967401004079548e-05 2.000218395732689610e-05 1.506570976473591734e-05 1.107129664592283540e-05 7.937871963880538918e-06
0.000000000000000000e+00 8.236809516493992858e-06 1.148823790406474533e-05 1.563307925947554348e-05 2.075545938761039387e-05 2.688542350219909682e-05 3.397802447981026764e-05 4.189633940417097365e-05 5.040234522341137049e-05 5.915917670117662696e-05 6.774702201151796134e-05 7.965380181222354113e-05 8.703820379214716836e-05 9.291009815965473766e-05 9.691002359063532372e-05 9.880491212449282268e-05 9.851609297086619786e-05 9.612911942239992110e-05 9.188376100699926640e-05 8.614582133544793248e-05 7.936540636787254883e-05 7.202826154004597712e-05 6.460744989919792007e-05 5.752191638237199667e-05 5.110665089104030653e-05 4.559671918097862008e-05 4.112494378606870043e-05 3.773098214195224503e-05 3.537828110441012722e-05 3.397497919423269995e-05 2.763333068282635126e-05 2.956539316945302792e-05 3.152310099156190439e-05 3.349415748410779404e-05 3.546533223425895720e-05 3.742259135755902617e-05 3.935124996387742653e-05 4.123614486625412737e-05 4.306182497220798503e-05 4.481275622233331298e-05 4.647353742541831607e-05 4.802912290220497782e-05 4.946504750874555572e-05 5.076764937997042067e-05 5.192428562613785330e-05 5.292353623700614179e-05 5.375539160426154003e-05 5.441141936079939371e-05 5.488490665008968604e-05 5.517097446971328434e-05 5.526666136565272963e-05 5.517097446971328434e-05 5.488490665008968604e-05 5.441141936079939371e-05 5.375539160426154003e-05 5.292353623700614179e-05 5.192428562613785330e-05 5.076764937997042067e-05 4.946504750874555572e-05 4.802912290220497782e-05 4.647353742541831607e-05 4.481275622233331298e-05 4.306182497220798503e-05 4.123614486625412737e-05 3.935124996387742653e-05 3.742259135755902617e-05 3.546533223425895720e-05 3.349415748410779404e-05 3.152310099156190439e-05 2.956539316945302792e-05 2.763333068282635126e-05 3.397497919423269995e-05 3.537828110441012722e-05 3.773098214195224503e-05 4.112494378606870043e-05 4.559671918097862008e-05 5.110665089104030653e-05 5.752191638237199667e-05 6.460744989919792007e-05 7.202826154004597712e-05 7.936540636787254883e-05 8.614582133544793248e-05 9.188376100699926640e-05 9.612911942239992110e-05 9.851609297086619786e-05 9.880491212449282268e-05 9.691002359063532372e-05 9.291009815965473766e-05 8.703820379214716836e-05 7.965380181222354113e-05 6.774702201151796134e-05 5.915917670117662696e-05 5.040234522341137049e-05 4.189633940417097365e-05 3.397802447981026764e-05 2.688542350219909682e-05 2.075545938761039387e-05 1.563307925947554348e-05 1.148823790406474533e-05 8.236809516493992858e-06
0.000000000000000000e+00 8.338936505264423859e-06 1.163067887481573815e-05 1.582691150808862999e-05 2.101280327343887585e-05 2.721877191077878171e-05 3.439931300390957546e-05 4.241580594947394711e-05 5.102727648281794772e-05 5.989268262510633143e-05 6.858700736535497486e-05 8.111088070020582507e-05 8.865385300303096829e-05 9.467300880363175317e-05 9.880491212449282268e-05 1.008140656532280940e-04 1.006212520381410741e-04 9.831347220725256695e-05 9.413380242584912987e-05 8.845285130581007906e-05 8.172649903259517784e-05 7.444661954257860109e-05 6.709214822358515343e-05 6.008712170247698328e-05 5.377046109977474465e-05 4.837979620759693631e-05 4.404911041481315468e-05 4.081792591096284977e-05 3.864846499145940605e-05 3.744681034020894963e-05 3.125115395640203926e-05 3.343616679166201434e-05 3.565018251248139818e-05 3.787929454433641832e-05 4.010854031637180672e-05 4.232204859363629564e-05 4.450321190424852646e-05 4.663488185970634674e-05 4.869958447269114076e-05 5.067975192672694485e-05 5.255796666896083222e-05 5.431721320298851628e-05 5.594113257281946755e-05 5.741427426857765995e-05 5.872234016245837270e-05 5.985241510853361543e-05 6.079317901607491861e-05 6.153509553184187679e-05 6.207057293570062556e-05 6.239409345429611307e-05 6.250230791280410563e-05 6.239409345429611307e-05 6.207057293570062556e-05 6.153509553184187679e-05 6.079317901607491861e-05 5.985241510853361543e-05 5.872234016245837270e-05 5.741427426857765995e-05 5.594113257281946755e-05 5.431721320298851628e-05 5.255796666896083222e-05 5.067975192672694485e-05 4.869958447269114076e-05 4.663488185970634674e-05 4.450321190424852646e-05 4.232204859363629564e-05 4.010854031637180672e-05 3.787929454433641832e-05 3.565018251248139818e-05 3.343616679166201434e-05 3.125115395640203926e-05 3.744681034020894963e-05 3.864846499145940605e-05 4.081792591096284977e-05 4.404911041481315468e-05 4.837979620759693631e-05 5.377046109977474465e-05 6.008712170247698328e-05 6.709214822358515343e-05 7.444661954257860109e-05 8.172649903259517784e-05 8.845285130581007906e-05 9.413380242584912987e-05 9.831347220725256695e-05 1.006212520381410741e-04 1.008140656532280940e-04 9.880491212449282268e-05 9.467300880363175317e-05 8.865385300303096829e-05 8.111088070020582507e-05 6.858700736535497486e-05 5.989268262510633143e-05 5.102727648281794772e-05 4.241580594947394711e-05 3.439931300390957546e-05 2.721877191077878171e-05 2.101280327343887585e-05 1.582691150808862999e-05 1.163067887481573815e-05 8.338936505264423859e-06
