1.241938122339469929e-04 1.241938122339469929e-04 1.241938122339469929e-04 1.241938122339469929e-04 1.241938122339469929e-04 1.241938122339469929e-04 1.241938122339469929e-04 1.241938122339469929e-04 1.241938122339469929e-04 1.241938122339469929e-04 1.241938122339469929e-04 1.241938122339469929e-04 1.241938122339469929e-04 1.241938122339469929e-04 1.241938122339469929e-04 1.241938122339469929e-04 1.241938122339469929e-04 1.241938122339469929e-04 1.241938122339469929e-04 1.241938122339469929e-04 1.241938122339469929e-04 1.241938122339469929e-04 1.241938122339469929e-04 1.241938122339469929e-04 1.241938122339469929e-04 1.241938122339469929e-04 1.241938122339469929e-04 1.241938122339469929e-04 1.241938122339469929e-04 1.241938122339469929e-04 1.241938122339469929e-04 1.241938122339469929e-04 1.241938122339469929e-04 1.241938122339469929e-04 1.241938122339469929e-04 1.241938122339469929e-04 1.241938122339469929e-04 1.241938122339469929e-04 1.241938122339469929e-04 1.241938122339469929e-04 1.241938122339469929e-04 1.241938122339469929e-04 1.241938122339469929e-04 1.241938122339469929e-04 1.241938122339469929e-04 1.241938122339469929e-04 1.241938122339469929e-04 1.241938122339469929e-04 1.241938122339469929e-04 1.241938122339469929e-04 1.241938122339469929e-04 1.241938122339469929e-04 1.241938122339469929e-04 1.241938122339469929e-04 1.241938122339469929e-04 1.241938122339469929e-04 1.241938122339469929e-04 1.241938122339469929e-04 1.241938122339469929e-04 1.241938122339469929e-04 1.241938122339469929e-04 1.241938122339469929e-04 1.241938122339469929e-04 1.241938122339469929e-04 1.241938122339469929e-04 1.241938122339469929e-04 1.241938122339469929e-04 1.241938122339469929e-04 1.241938122339469929e-04 1.241938122339469929e-04 1.241938122339469929e-04 1.241938122339469929e-04 1.241938122339469929e-04 1.241938122339469929e-04 1.241938122339469929e-04 1.241938122339469929e-04 1.241938122339469929e-04 1.241938122339469929e-04 1.241938122339469929e-04 1.241938122339469929e-04 1.241938122339469929e-04 1.241938122339469929e-04 1.241938122339469929e-04 1.241938122339469929e-04 1.241938122339469929e-04 1.241938122339469929e-04 1.241938122339469929e-04 1.241938122339469929e-04 1.241938122339469929e-04 1.241938122339469929e-04 1.241938122339469929e-04 1.241938122339469929e-04 1.241938122339469929e-04 1.241938122339469929e-04 1.241938122339469929e-04 1.241938122339469929e-04 1.241938122339469929e-04 1.241938122339469929e-04 1.241938122339469929e-04 1.241938122339469929e-04
1.241938122339469929e-04 1.241938122339469929e-04 1.241938122339469929e-04 1.241938122339469929e-04 1.241938122339469929e-04 1.241938122339469929e-04 1.241938122339469929e-04 1.241938122339469929e-04 1.241938122339469929e-04 1.241938122339469929e-04 1.241938122339469929e-04 1.241938122339469929e-04 1.241938122339469929e-04 1.241938122339469929e-04 1.241938122339469929e-04 1.241938122339469929e-04 1.241938122339469929e-04 1.241938122339469929e-04 1.241938122339469929e-04 1.241938122339469929e-04 1.241938122339469929e-04 1.241938122339469929e-04 1.241938122339469929e-04 1.241938122339469929e-04 1.241938122339469929e-04 1.241938122339469929e-04 1.241938122339469929e-04 1.241938122339469929e-04 1.241938122339469929e-04 1.241938122339469929e-04 1.241938122339469929e-04 1.241938122339469929e-04 1.241938122339469929e-04 1.241938122339469929e-04 1.241938122339469929e-04 1.241938122339469929e-04 1.232023975058942663e-04 1.228110428212689513e-04 1.223121534446277084e-04 1.216956036638481631e-04 1.209577771190594115e-04 1.201040838224833247e-04 1.191510043538309874e-04 1.181271881020152354e-04 1.170731814892913100e-04 1.160395147150552911e-04 1.150831204960750818e-04 1.142623576024185138e-04 1.136312061232289014e-04 1.132334219772606070e-04 1.130975257117924492e-04 1.132334219772606070e-04 1.136312061232289014e-04 1.142623576024185138e-04 1.150831204960750818e-04 1.160395147150552911e-04 1.170731814892913100e-04 1.181271881020152354e-04 1.191510043538309874e-04 1.201040838224833247e-04 1.209577771190594115e-04 1.216956036638481631e-04 1.223121534446277084e-04 1.228110428212689513e-04 1.232023975058942663e-04 1.241938122339469929e-04 1.241938122339469929e-04 1.241938122339469929e-04 1.241938122339469929e-04 1.241938122339469929e-04 1.241938122339469929e-04 1.241938122339469929e-04 1.241938122339469929e-04 1.241938122339469929e-04 1.241938122339469929e-04 1.241938122339469929e-04 1.241938122339469929e-04 1.241938122339469929e-04 1.241938122339469929e-04 1.241938122339469929e-04 1.241938122339469929e-04 1.241938122339469929e-04 1.241938122339469929e-04 1.241938122339469929e-04 1.241938122339469929e-04 1.241938122339469929e-04 1.241938122339469929e-04 1.241938122339469929e-04 1.241938122339469929e-04 1.241938122339469929e-04 1.241938122339469929e-04 1.241938122339469929e-04 1.241938122339469929e-04 1.241938122339469929e-04 1.241938122339469929e-04 1.241938122339469929e-04 1.241938122339469929e-04 1.241938122339469929e-04 1.241938122339469929e-04 1.241938122339469929e-04
1.241938122339469929e-04 1.241938122339469929e-04 1.241938122339469929e-04 1.241938122339469929e-04 1.241938122339469929e-04 1.241938122339469929e-04 1.241938122339469929e-04 1.241938122339469929e-04 1.241938122339469929e-04 1.241938122339469929e-04 1.241938122339469929e-04 1.241938122339469929e-04 1.241938122339469929e-04 1.241938122339469929e-04 1.241938122339469929e-04 1.241938122339469929e-04 1.241938122339469929e-04 1.241938122339469929e-04 1.241938122339469929e-04 1.241938122339469929e-04 1.241938122339469929e-04 1.241938122339469929e-04 1.241938122339469929e-04 1.241938122339469929e-04 1.241938122339469929e-04 1.241938122339469929e-04 1.241938122339469929e-04 1.241938122339469929e-04 1.241938122339469929e-04 1.241938122339469929e-04 1.241938122339469929e-04 1.241938122339469929e-04 1.241938122339469929e-04 1.241938122339469929e-04 1.241938122339469929e-04 1.241938122339469929e-04 1.228110428212689513e-04 1.222652033535912182e-04 1.215693805553113584e-04 1.207094516535793223e-04 1.196803727533700331e-04 1.184896894349647759e-04 1.171603878825332721e-04 1.157324266498066664e-04 1.142623576024185138e-04 1.128206574159359738e-04 1.114867326364791898e-04 1.103419787889762399e-04 1.094616842608688603e-04 1.089068773427049458e-04 1.087173368871625581e-04 1.089068773427049458e-04 1.094616842608688603e-04 1.103419787889762399e-04 1.114867326364791898e-04 1.128206574159359738e-04 1.142623576024185138e-04 1.157324266498066664e-04 1.171603878825332721e-04 1.184896894349647759e-04 1.196803727533700331e-04 1.207094516535793223e-04 1.215693805553113584e-04 1.222652033535912182e-04 1.228110428212689513e-04 1.241938122339469929e-04 1.241938122339469929e-04 1.241938122339469929e-04 1.241938122339469929e-04 1.241938122339469929e-04 1.241938122339469929e-04 1.241938122339469929e-04 1.241938122339469929e-04 1.241938122339469929e-04 1.241938122339469929e-04 1.241938122339469929e-04 1.241938122339469929e-04 1.241938122339469929e-04 1.241938122339469929e-04 1.241938122339469929e-04 1.241938122339469929e-04 1.241938122339469929e-04 1.241938122339469929e-04 1.241938122339469929e-04 1.241938122339469929e-04 1.241938122339469929e-04 1.241938122339469929e-04 1.241938122339469929e-04 1.241938122339469929e-04 1.241938122339469929e-04 1.241938122339469929e-04 1.241938122339469929e-04 1.241938122339469929e-04 1.241938122339469929e-04 1.241938122339469929e-04 1.241938122339469929e-04 1.241938122339469929e-04 1.241938122339469929e-04 1.241938122339469929e-04 1.241938122339469929e-04
1.241938122339469929e-04 1.241938122339469929e-04 1.241938122339469929e-04 1.241938122339469929e-04 1.241938122339469929e-04 1.241938122339469929e-04 1.241938122339469929e-04 1.241938122339469929e-04 1.241938122339469929e-04 1.241938122339469929e-04 1.241938122339469929e-04 1.241938122339469929e-04 1.241938122339469929e-04 1.241938122339469929e-04 1.241938122339469929e-04 1.241938122339469929e-04 1.241938122339469929e-04 1.241938122339469929e-04 1.241938122339469929e-04 1.241938122339469929e-04 1.241938122339469929e-04 1.241938122339469929e-04 1.241938122339469929e-04 1.241938122339469929e-04 1.241938122339469929e-04 1.241938122339469929e-04 1.241938122339469929e-04 1.241938122339469929e-04 1.241938122339469929e-04 1.241938122339469929e-04 1.241938122339469929e-04 1.241938122339469929e-04 1.241938122339469929e-04 1.241938122339469929e-04 1.241938122339469929e-04 1.241938122339469929e-04 1.223121534446277084e-04 1.215693805553113584e-04 1.206225118495187816e-04 1.194523291991809029e-04 1.180519689223856011e-04 1.164316989693253007e-04 1.146227987095602428e-04 1.126796433434291988e-04 1.106791880841775342e-04 1.087173368871625581e-04 1.069021453862929440e-04 1.053443757979498059e-04 1.041464798068930577e-04 1.033915041006280616e-04 1.031335793440974792e-04 1.033915041006280616e-04 1.041464798068930577e-04 1.053443757979498059e-04 1.069021453862929440e-04 1.087173368871625581e-04 1.106791880841775342e-04 1.126796433434291988e-04 1.146227987095602428e-04 1.164316989693253007e-04 1.180519689223856011e-04 1.194523291991809029e-04 1.206225118495187816e-04 1.215693805553113584e-04 1.223121534446277084e-04 1.241938122339469929e-04 1.241938122339469929e-04 1.241938122339469929e-04 1.241938122339469929e-04 1.241938122339469929e-04 1.241938122339469929e-04 1.241938122339469929e-04 1.241938122339469929e-04 1.241938122339469929e-04 1.241938122339469929e-04 1.241938122339469929e-04 1.241938122339469929e-04 1.241938122339469929e-04 1.241938122339469929e-04 1.241938122339469929e-04 1.241938122339469929e-04 1.241938122339469929e-04 1.241938122339469929e-04 1.241938122339469929e-04 1.241938122339469929e-04 1.241938122339469929e-04 1.241938122339469929e-04 1.241938122339469929e-04 1.241938122339469929e-04 1.241938122339469929e-04 1.241938122339469929e-04 1.241938122339469929e-04 1.241938122339469929e-04 1.241938122339469929e-04 1.241938122339469929e-04 1.241938122339469929e-04 1.241938122339469929e-04 1.241938122339469929e-04 1.241938122339469929e-04 1.241938122339469929e-04
1.241938122339469929e-04 1.241938122339469929e-04 1.241938122339469929e-04 1.241938122339469929e-04 1.241938122339469929e-04 1.241938122339469929e-04 1.241938122339469929e-04 1.241938122339469929e-04 1.241938122339469929e-04 1.241938122339469929e-04 1.241938122339469929e-04 1.241938122339469929e-04 1.241938122339469929e-04 1.241938122339469929e-04 1.241938122339469929e-04 1.241938122339469929e-04 1.241938122339469929e-04 1.241938122339469929e-04 1.241938122339469929e-04 1.241938122339469929e-04 1.241938122339469929e-04 1.241938122339469929e-04 1.241938122339469929e-04 1.241938122339469929e-04 1.241938122339469929e-04 1.241938122339469929e-04 1.241938122339469929e-04 1.241938122339469929e-04 1.241938122339469929e-04 1.241938122339469929e-04 1.241938122339469929e-04 1.241938122339469929e-04 1.241938122339469929e-04 1.241938122339469929e-04 1.241938122339469929e-04 1.241938122339469929e-04 1.216956036638481631e-04 1.207094516535793223e-04 1.194523291991809029e-04 1.178987211049563886e-04 1.160395147150552911e-04 1.138883424060346556e-04 1.114867326364791898e-04 1.089068773427049458e-04 1.062509471065064019e-04 1.036462700516326300e-04 1.012363076346507631e-04 9.916811474126966406e-05 9.757771267266314322e-05 9.657535943502329240e-05 9.623292230409241578e-05 9.657535943502329240e-05 9.757771267266314322e-05 9.916811474126966406e-05 1.012363076346507631e-04 1.036462700516326300e-04 1.062509471065064019e-04 1.089068773427049458e-04 1.114867326364791898e-04 1.138883424060346556e-04 1.160395147150552911e-04 1.178987211049563886e-04 1.194523291991809029e-04 1.207094516535793223e-04 1.216956036638481631e-04 1.241938122339469929e-04 1.241938122339469929e-04 1.241938122339469929e-04 1.241938122339469929e-04 1.241938122339469929e-04 1.241938122339469929e-04 1.241938122339469929e-04 1.241938122339469929e-04 1.241938122339469929e-04 1.241938122339469929e-04 1.241938122339469929e-04 1.241938122339469929e-04 1.241938122339469929e-04 1.241938122339469929e-04 1.241938122339469929e-04 1.241938122339469929e-04 1.241938122339469929e-04 1.241938122339469929e-04 1.241938122339469929e-04 1.241938122339469929e-04 1.241938122339469929e-04 1.241938122339469929e-04 1.241938122339469929e-04 1.241938122339469929e-04 1.241938122339469929e-04 1.241938122339469929e-04 1.241938122339469929e-04 1.241938122339469929e-04 1.241938122339469929e-04 1.241938122339469929e-04 1.241938122339469929e-04 1.241938122339469929e-04 1.241938122339469929e-04 1.241938122339469929e-04 1.241938122339469929e-04
1.241938122339469929e-04 1.241938122339469929e-04 1.241938122339469929e-04 1.241938122339469929e-04 1.241938122339469929e-04 1.241938122339469929e-04 1.241938122339469929e-04 1.241938122339469929e-04 1.241938122339469929e-04 1.241938122339469929e-04 1.241938122339469929e-04 1.241938122339469929e-04 1.241938122339469929e-04 1.241938122339469929e-04 1.241938122339469929e-04 1.241938122339469929e-04 1.241938122339469929e-04 1.241938122339469929e-04 1.241938122339469929e-04 1.241938122339469929e-04 1.241938122339469929e-04 1.241938122339469929e-04 1.241938122339469929e-04 1.241938122339469929e-04 1.241938122339469929e-04 1.241938122339469929e-04 1.241938122339469929e-04 1.241938122339469929e-04 1.241938122339469929e-04 1.241938122339469929e-04 1.241938122339469929e-04 1.241938122339469929e-04 1.241938122339469929e-04 1.241938122339469929e-04 1.241938122339469929e-04 1.241938122339469929e-04 1.209577771190594115e-04 1.196803727533700331e-04 1.180519689223856011e-04 1.160395147150552911e-04 1.136312061232289014e-04 1.108447017402544989e-04 1.077337951331928289e-04 1.043919995673999579e-04 1.009516609143746094e-04 9.757771267266314322e-05 9.445598652847489430e-05 9.177696888861571042e-05 8.971685389165328728e-05 8.841846339161770006e-05 8.797489010730629735e-05 8.841846339161770006e-05 8.971685389165328728e-05 9.177696888861571042e-05 9.445598652847489430e-05 9.757771267266314322e-05 1.009516609143746094e-04 1.043919995673999579e-04 1.077337951331928289e-04 1.108447017402544989e-04 1.136312061232289014e-04 1.160395147150552911e-04 1.180519689223856011e-04 1.196803727533700331e-04 1.209577771190594115e-04 1.241938122339469929e-04 1.241938122339469929e-04 1.241938122339469929e-04 1.241938122339469929e-04 1.241938122339469929e-04 1.241938122339469929e-04 1.241938122339469929e-04 1.241938122339469929e-04 1.241938122339469929e-04 1.241938122339469929e-04 1.241938122339469929e-04 1.241938122339469929e-04 1.241938122339469929e-04 1.241938122339469929e-04 1.241938122339469929e-04 1.241938122339469929e-04 1.241938122339469929e-04 1.241938122339469929e-04 1.241938122339469929e-04 1.241938122339469929e-04 1.241938122339469929e-04 1.241938122339469929e-04 1.241938122339469929e-04 1.241938122339469929e-04 1.241938122339469929e-04 1.241938122339469929e-04 1.241938122339469929e-04 1.241938122339469929e-04 1.241938122339469929e-04 1.241938122339469929e-04 1.241938122339469929e-04 1.241938122339469929e-04 1.241938122339469929e-04 1.241938122339469929e-04 1.241938122339469929e-04
1.241938122339469929e-04 1.241938122339469929e-04 1.241938122339469929e-04 1.241938122339469929e-04 1.241938122339469929e-04 1.241938122339469929e-04 1.241938122339469929e-04 1.241938122339469929e-04 1.241938122339469929e-04 1.241938122339469929e-04 1.241938122339469929e-04 1.241938122339469929e-04 1.241938122339469929e-04 1.241938122339469929e-04 1.241938122339469929e-04 1.241938122339469929e-04 1.241938122339469929e-04 1.241938122339469929e-04 1.241938122339469929e-04 1.241938122339469929e-04 1.241938122339469929e-04 1.241938122339469929e-04 1.241938122339469929e-04 1.241938122339469929e-04 1.241938122339469929e-04 1.241938122339469929e-04 1.241938122339469929e-04 1.241938122339469929e-04 1.241938122339469929e-04 1.241938122339469929e-04 1.241938122339469929e-04 1.241938122339469929e-04 1.241938122339469929e-04 1.241938122339469929e-04 1.241938122339469929e-04 1.241938122339469929e-04 1.201040838224833247e-04 1.184896894349647759e-04 1.164316989693253007e-04 1.138883424060346556e-04 1.108447017402544989e-04 1.073230940508662997e-04 1.033915041006280616e-04 9.916811474126966406e-05 9.482018579896488077e-05 9.055616161719558374e-05 8.661089784488357700e-05 8.322513280601284041e-05 8.062154213568969291e-05 7.898062529497287018e-05 7.842003364531222867e-05 7.898062529497287018e-05 8.062154213568969291e-05 8.322513280601284041e-05 8.661089784488357700e-05 9.055616161719558374e-05 9.482018579896488077e-05 9.916811474126966406e-05 1.033915041006280616e-04 1.073230940508662997e-04 1.108447017402544989e-04 1.138883424060346556e-04 1.164316989693253007e-04 1.184896894349647759e-04 1.201040838224833247e-04 1.241938122339469929e-04 1.241938122339469929e-04 1.241938122339469929e-04 1.241938122339469929e-04 1.241938122339469929e-04 1.241938122339469929e-04 1.241938122339469929e-04 1.241938122339469929e-04 1.241938122339469929e-04 1.241938122339469929e-04 1.241938122339469929e-04 1.241938122339469929e-04 1.241938122339469929e-04 1.241938122339469929e-04 1.241938122339469929e-04 1.241938122339469929e-04 1.241938122339469929e-04 1.241938122339469929e-04 1.241938122339469929e-04 1.241938122339469929e-04 1.241938122339469929e-04 1.241938122339469929e-04 1.241938122339469929e-04 1.241938122339469929e-04 1.241938122339469929e-04 1.241938122339469929e-04 1.241938122339469929e-04 1.241938122339469929e-04 1.241938122339469929e-04 1.241938122339469929e-04 1.241938122339469929e-04 1.241938122339469929e-04 1.241938122339469929e-04 1.241938122339469929e-04 1.241938122339469929e-04
1.241938122339469929e-04 1.241938122339469929e-04 1.241938122339469929e-04 1.241938122339469929e-04 1.241938122339469929e-04 1.241938122339469929e-04 1.241938122339469929e-04 1.241938122339469929e-04 1.241938122339469929e-04 1.241938122339469929e-04 1.241938122339469929e-04 1.241938122339469929e-04 1.241938122339469929e-04 1.241938122339469929e-04 1.241938122339469929e-04 1.241938122339469929e-04 1.241938122339469929e-04 1.241938122339469929e-04 1.241938122339469929e-04 1.241938122339469929e-04 1.241938122339469929e-04 1.241938122339469929e-04 1.241938122339469929e-04 1.241938122339469929e-04 1.241938122339469929e-04 1.241938122339469929e-04 1.241938122339469929e-04 1.241938122339469929e-04 1.241938122339469929e-04 1.241938122339469929e-04 1.241938122339469929e-04 1.241938122339469929e-04 1.241938122339469929e-04 1.241938122339469929e-04 1.241938122339469929e-04 1.241938122339469929e-04 1.191510043538309874e-04 1.171603878825332721e-04 1.146227987095602428e-04 1.114867326364791898e-04 1.077337951331928289e-04 1.033915041006280616e-04 9.854368762291948220e-05 9.333607014825482859e-05 8.797489010730629735e-05 8.271716818020750017e-05 7.785249130230423179e-05 7.367769999577632883e-05 7.046736272445533152e-05 6.844404294806449493e-05 6.775280976482624909e-05 6.844404294806449493e-05 7.046736272445533152e-05 7.367769999577632883e-05 7.785249130230423179e-05 8.271716818020750017e-05 8.797489010730629735e-05 9.333607014825482859e-05 9.854368762291948220e-05 1.033915041006280616e-04 1.077337951331928289e-04 1.114867326364791898e-04 1.146227987095602428e-04 1.171603878825332721e-04 1.191510043538309874e-04 1.241938122339469929e-04 1.241938122339469929e-04 1.241938122339469929e-04 1.241938122339469929e-04 1.241938122339469929e-04 1.241938122339469929e-04 1.241938122339469929e-04 1.241938122339469929e-04 1.241938122339469929e-04 1.241938122339469929e-04 1.241938122339469929e-04 1.241938122339469929e-04 1.241938122339469929e-04 1.241938122339469929e-04 1.241938122339469929e-04 1.241938122339469929e-04 1.241938122339469929e-04 1.241938122339469929e-04 1.241938122339469929e-04 1.241938122339469929e-04 1.241938122339469929e-04 1.241938122339469929e-04 1.241938122339469929e-04 1.241938122339469929e-04 1.241938122339469929e-04 1.241938122339469929e-04 1.241938122339469929e-04 1.241938122339469929e-04 1.241938122339469929e-04 1.241938122339469929e-04 1.241938122339469929e-04 1.241938122339469929e-04 1.241938122339469929e-04 1.241938122339469929e-04 1.241938122339469929e-04
1.241938122339469929e-04 1.241938122339469929e-04 1.241938122339469929e-04 1.241938122339469929e-04 1.241938122339469929e-04 1.241938122339469929e-04 1.241938122339469929e-04 1.241938122339469929e-04 1.241938122339469929e-04 1.241938122339469929e-04 1.241938122339469929e-04 1.241938122339469929e-04 1.241938122339469929e-04 1.241938122339469929e-04 1.241938122339469929e-04 1.241938122339469929e-04 1.241938122339469929e-04 1.241938122339469929e-04 1.241938122339469929e-04 1.241938122339469929e-04 1.241938122339469929e-04 1.241938122339469929e-04 1.241938122339469929e-04 1.241938122339469929e-04 1.241938122339469929e-04 1.241938122339469929e-04 1.241938122339469929e-04 1.241938122339469929e-04 1.241938122339469929e-04 1.241938122339469929e-04 1.241938122339469929e-04 1.241938122339469929e-04 1.241938122339469929e-04 1.241938122339469929e-04 1.241938122339469929e-04 1.241938122339469929e-04 1.181271881020152354e-04 1.157324266498066664e-04 1.126796433434291988e-04 1.089068773427049458e-04 1.043919995673999579e-04 9.916811474126966406e-05 9.333607014825482859e-05 8.707117594789452611e-05 8.062154213568969291e-05 7.429637102463192448e-05 6.844404294806449493e-05 6.342166448589348874e-05 5.955954837422678197e-05 5.712544402722855236e-05 5.629387320202218194e-05 5.712544402722855236e-05 5.955954837422678197e-05 6.342166448589348874e-05 6.844404294806449493e-05 7.429637102463192448e-05 8.062154213568969291e-05 8.707117594789452611e-05 9.333607014825482859e-05 9.916811474126966406e-05 1.043919995673999579e-04 1.089068773427049458e-04 1.126796433434291988e-04 1.157324266498066664e-04 1.181271881020152354e-04 1.241938122339469929e-04 1.241938122339469929e-04 1.241938122339469929e-04 1.241938122339469929e-04 1.241938122339469929e-04 1.241938122339469929e-04 1.241938122339469929e-04 1.241938122339469929e-04 1.241938122339469929e-04 1.241938122339469929e-04 1.241938122339469929e-04 1.241938122339469929e-04 1.241938122339469929e-04 1.241938122339469929e-04 1.241938122339469929e-04 1.241938122339469929e-04 1.241938122339469929e-04 1.241938122339469929e-04 1.241938122339469929e-04 1.241938122339469929e-04 1.241938122339469929e-04 1.241938122339469929e-04 1.241938122339469929e-04 1.241938122339469929e-04 1.241938122339469929e-04 1.241938122339469929e-04 1.241938122339469929e-04 1.241938122339469929e-04 1.241938122339469929e-04 1.241938122339469929e-04 1.241938122339469929e-04 1.241938122339469929e-04 1.241938122339469929e-04 1.241938122339469929e-04 1.241938122339469929e-04
1.241938122339469929e-04 1.241938122339469929e-04 1.241938122339469929e-04 1.241938122339469929e-04 1.241938122339469929e-04 1.241938122339469929e-04 1.241938122339469929e-04 1.241938122339469929e-04 1.241938122339469929e-04 1.241938122339469929e-04 1.241938122339469929e-04 1.241938122339469929e-04 1.241938122339469929e-04 1.241938122339469929e-04 1.241938122339469929e-04 1.241938122339469929e-04 1.241938122339469929e-04 1.241938122339469929e-04 1.241938122339469929e-04 1.241938122339469929e-04 1.241938122339469929e-04 1.241938122339469929e-04 1.241938122339469929e-04 1.241938122339469929e-04 1.241938122339469929e-04 1.241938122339469929e-04 1.241938122339469929e-04 1.241938122339469929e-04 1.241938122339469929e-04 1.241938122339469929e-04 1.241938122339469929e-04 1.241938122339469929e-04 1.241938122339469929e-04 1.241938122339469929e-04 1.241938122339469929e-04 1.241938122339469929e-04 1.170731814892913100e-04 1.142623576024185138e-04 1.106791880841775342e-04 1.062509471065064019e-04 1.009516609143746094e-04 9.482018579896488077e-05 8.797489010730629735e-05 8.062154213568969291e-05 7.305135815589979703e-05 6.562726084920470404e-05 5.875815765052868115e-05 5.286319832697421991e-05 4.833008367768950594e-05 4.547308151767325040e-05 4.449703476489088775e-05 4.547308151767325040e-05 4.833008367768950594e-05 5.286319832697421991e-05 5.875815765052868115e-05 6.562726084920470404e-05 7.305135815589979703e-05 8.062154213568969291e-05 8.797489010730629735e-05 9.482018579896488077e-05 1.009516609143746094e-04 1.062509471065064019e-04 1.106791880841775342e-04 1.142623576024185138e-04 1.170731814892913100e-04 1.241938122339469929e-04 1.241938122339469929e-04 1.241938122339469929e-04 1.241938122339469929e-04 1.241938122339469929e-04 1.241938122339469929e-04 1.241938122339469929e-04 1.241938122339469929e-04 1.241938122339469929e-04 1.241938122339469929e-04 1.241938122339469929e-04 1.241938122339469929e-04 1.241938122339469929e-04 1.241938122339469929e-04 1.241938122339469929e-04 1.241938122339469929e-04 1.241938122339469929e-04 1.241938122339469929e-04 1.241938122339469929e-04 1.241938122339469929e-04 1.241938122339469929e-04 1.241938122339469929e-04 1.241938122339469929e-04 1.241938122339469929e-04 1.241938122339469929e-04 1.241938122339469929e-04 1.241938122339469929e-04 1.241938122339469929e-04 1.241938122339469929e-04 1.241938122339469929e-04 1.241938122339469929e-04 1.241938122339469929e-04 1.241938122339469929e-04 1.241938122339469929e-04 1.241938122339469929e-04
1.241938122339469929e-04 1.241938122339469929e-04 1.241938122339469929e-04 1.241938122339469929e-04 1.241938122339469929e-04 1.241938122339469929e-04 1.241938122339469929e-04 1.241938122339469929e-04 1.241938122339469929e-04 1.241938122339469929e-04 1.241938122339469929e-04 1.241938122339469929e-04 1.241938122339469929e-04 1.241938122339469929e-04 1.241938122339469929e-04 1.241938122339469929e-04 1.241938122339469929e-04 1.241938122339469929e-04 1.241938122339469929e-04 1.241938122339469929e-04 1.241938122339469929e-04 1.241938122339469929e-04 1.241938122339469929e-04 1.241938122339469929e-04 1.241938122339469929e-04 1.241938122339469929e-04 1.241938122339469929e-04 1.241938122339469929e-04 1.241938122339469929e-04 1.241938122339469929e-04 1.241938122339469929e-04 1.241938122339469929e-04 1.241938122339469929e-04 1.241938122339469929e-04 1.241938122339469929e-04 1.241938122339469929e-04 1.160395147150552911e-04 1.128206574159359738e-04 1.087173368871625581e-04 1.036462700516326300e-04 9.757771267266314322e-05 9.055616161719558374e-05 8.271716818020750017e-05 7.429637102463192448e-05 6.562726084920470404e-05 5.712544402722855236e-05 4.925918706508867004e-05 4.250848563009213628e-05 3.731732113033806898e-05 3.404558208638132344e-05 3.292784745023143400e-05 3.404558208638132344e-05 3.731732113033806898e-05 4.250848563009213628e-05 4.925918706508867004e-05 5.712544402722855236e-05 6.562726084920470404e-05 7.429637102463192448e-05 8.271716818020750017e-05 9.055616161719558374e-05 9.757771267266314322e-05 1.036462700516326300e-04 1.087173368871625581e-04 1.128206574159359738e-04 1.160395147150552911e-04 1.241938122339469929e-04 1.241938122339469929e-04 1.241938122339469929e-04 1.241938122339469929e-04 1.241938122339469929e-04 1.241938122339469929e-04 1.241938122339469929e-04 1.241938122339469929e-04 1.241938122339469929e-04 1.241938122339469929e-04 1.241938122339469929e-04 1.241938122339469929e-04 1.241938122339469929e-04 1.241938122339469929e-04 1.241938122339469929e-04 1.241938122339469929e-04 1.241938122339469929e-04 1.241938122339469929e-04 1.241938122339469929e-04 1.241938122339469929e-04 1.241938122339469929e-04 1.241938122339469929e-04 1.241938122339469929e-04 1.241938122339469929e-04 1.241938122339469929e-04 1.241938122339469929e-04 1.241938122339469929e-04 1.241938122339469929e-04 1.241938122339469929e-04 1.241938122339469929e-04 1.241938122339469929e-04 1.241938122339469929e-04 1.241938122339469929e-04 1.241938122339469929e-04 1.241938122339469929e-04
1.241938122339469929e-04 1.241938122339469929e-04 1.241938122339469929e-04 1.241938122339469929e-04 1.241938122339469929e-04 1.241938122339469929e-04 1.241938122339469929e-04 1.241938122339469929e-04 1.241938122339469929e-04 1.241938122339469929e-04 1.241938122339469929e-04 1.232023975058942663e-04 1.228110428212689513e-04 1.223121534446277084e-04 1.216956036638481631e-04 1.209577771190594115e-04 1.201040838224833247e-04 1.191510043538309874e-04 1.181271881020152354e-04 1.170731814892913100e-04 1.160395147150552911e-04 1.150831204960750818e-04 1.142623576024185138e-04 1.136312061232289014e-04 1.132334219772606070e-04 1.130975257117924492e-04 1.132334219772606070e-04 1.136312061232289014e-04 1.142623576024185138e-04 1.150831204960750818e-04 1.160395147150552911e-04 1.170731814892913100e-04 1.181271881020152354e-04 1.191510043538309874e-04 1.201040838224833247e-04 1.209577771190594115e-04 1.125849119259762386e-04 1.096050738471599189e-04 1.055193759736149160e-04 1.002448929065980502e-04 9.445598652847489430e-05 8.661089784488357700e-05 7.785249130230423179e-05 6.844404294806449493e-05 5.875815765052868115e-05 4.925918706508867004e-05 4.047031933651873919e-05 3.292784745023143400e-05 2.712782612303909027e-05 2.347235417009753110e-05 2.222352363734940363e-05 2.347235417009753110e-05 2.712782612303909027e-05 3.292784745023143400e-05 4.047031933651873919e-05 4.925918706508867004e-05 5.875815765052868115e-05 6.844404294806449493e-05 7.785249130230423179e-05 8.661089784488357700e-05 9.445598652847489430e-05 1.002448929065980502e-04 1.055193759736149160e-04 1.096050738471599189e-04 1.125849119259762386e-04 1.209577771190594115e-04 1.201040838224833247e-04 1.191510043538309874e-04 1.181271881020152354e-04 1.170731814892913100e-04 1.160395147150552911e-04 1.150831204960750818e-04 1.142623576024185138e-04 1.136312061232289014e-04 1.132334219772606070e-04 1.130975257117924492e-04 1.132334219772606070e-04 1.136312061232289014e-04 1.142623576024185138e-04 1.150831204960750818e-04 1.160395147150552911e-04 1.170731814892913100e-04 1.181271881020152354e-04 1.191510043538309874e-04 1.201040838224833247e-04 1.209577771190594115e-04 1.216956036638481631e-04 1.223121534446277084e-04 1.228110428212689513e-04 1.232023975058942663e-04 1.241938122339469929e-04 1.241938122339469929e-04 1.241938122339469929e-04 1.241938122339469929e-04 1.241938122339469929e-04 1.241938122339469929e-04 1.241938122339469929e-04 1.241938122339469929e-04 1.241938122339469929e-04 1.241938122339469929e-04
1.241938122339469929e-04 1.241938122339469929e-04 1.241938122339469929e-04 1.241938122339469929e-04 1.241938122339469929e-04 1.241938122339469929e-04 1.241938122339469929e-04 1.241938122339469929e-04 1.241938122339469929e-04 1.241938122339469929e-04 1.241938122339469929e-04 1.228110428212689513e-04 1.222652033535912182e-04 1.215693805553113584e-04 1.207094516535793223e-04 1.196803727533700331e-04 1.184896894349647759e-04 1.171603878825332721e-04 1.157324266498066664e-04 1.142623576024185138e-04 1.128206574159359738e-04 1.114867326364791898e-04 1.103419787889762399e-04 1.094616842608688603e-04 1.089068773427049458e-04 1.087173368871625581e-04 1.089068773427049458e-04 1.094616842608688603e-04 1.103419787889762399e-04 1.114867326364791898e-04 1.128206574159359738e-04 1.142623576024185138e-04 1.157324266498066664e-04 1.171603878825332721e-04 1.184896894349647759e-04 1.196803727533700331e-04 1.107779970220508568e-04 1.077175471103406190e-04 1.034157669175940584e-04 9.778534532859163607e-05 9.177696888861571042e-05 8.322513280601284041e-05 7.367769999577632883e-05 6.342166448589348874e-05 5.286319832697421991e-05 4.250848563009213628e-05 3.292784745023143400e-05 2.470589027031056434e-05 1.838335732438047939e-05 1.439857165694837809e-05 1.303723663044329171e-05 1.439857165694837809e-05 1.838335732438047939e-05 2.470589027031056434e-05 3.292784745023143400e-05 4.250848563009213628e-05 5.286319832697421991e-05 6.342166448589348874e-05 7.367769999577632883e-05 8.322513280601284041e-05 9.177696888861571042e-05 9.778534532859163607e-05 1.034157669175940584e-04 1.077175471103406190e-04 1.107779970220508568e-04 1.196803727533700331e-04 1.184896894349647759e-04 1.171603878825332721e-04 1.157324266498066664e-04 1.142623576024185138e-04 1.128206574159359738e-04 1.114867326364791898e-04 1.103419787889762399e-04 1.094616842608688603e-04 1.089068773427049458e-04 1.087173368871625581e-04 1.089068773427049458e-04 1.094616842608688603e-04 1.103419787889762399e-04 1.114867326364791898e-04 1.128206574159359738e-04 1.142623576024185138e-04 1.157324266498066664e-04 1.171603878825332721e-04 1.184896894349647759e-04 1.196803727533700331e-04 1.207094516535793223e-04 1.215693805553113584e-04 1.222652033535912182e-04 1.228110428212689513e-04 1.241938122339469929e-04 1.241938122339469929e-04 1.241938122339469929e-04 1.241938122339469929e-04 1.241938122339469929e-04 1.241938122339469929e-04 1.241938122339469929e-04 1.241938122339469929e-04 1.241938122339469929e-04 1.241938122339469929e-04
1.241938122339469929e-04 1.241938122339469929e-04 1.241938122339469929e-04 1.241938122339469929e-04 1.241938122339469929e-04 1.241938122339469929e-04 1.241938122339469929e-04 1.241938122339469929e-04 1.241938122339469929e-04 1.241938122339469929e-04 1.241938122339469929e-04 1.223121534446277084e-04 1.215693805553113584e-04 1.206225118495187816e-04 1.194523291991809029e-04 1.180519689223856011e-04 1.164316989693253007e-04 1.146227987095602428e-04 1.126796433434291988e-04 1.106791880841775342e-04 1.087173368871625581e-04 1.069021453862929440e-04 1.053443757979498059e-04 1.041464798068930577e-04 1.033915041006280616e-04 1.031335793440974792e-04 1.033915041006280616e-04 1.041464798068930577e-04 1.053443757979498059e-04 1.069021453862929440e-04 1.087173368871625581e-04 1.106791880841775342e-04 1.126796433434291988e-04 1.146227987095602428e-04 1.164316989693253007e-04 1.180519689223856011e-04 1.088897230884628250e-04 1.058903838764406626e-04 1.015220481282574368e-04 9.569605388334388588e-05 8.971685389165328728e-05 8.062154213568969291e-05 7.046736272445533152e-05 5.955954837422678197e-05 4.833008367768950594e-05 3.731732113033806898e-05 2.712782612303909027e-05 1.838335732438047939e-05 1.165902261132751848e-05 7.421000790525784140e-06 5.973151889917752692e-06 7.421000790525784140e-06 1.165902261132751848e-05 1.838335732438047939e-05 2.712782612303909027e-05 3.731732113033806898e-05 4.833008367768950594e-05 5.955954837422678197e-05 7.046736272445533152e-05 8.062154213568969291e-05 8.971685389165328728e-05 9.569605388334388588e-05 1.015220481282574368e-04 1.058903838764406626e-04 1.088897230884628250e-04 1.180519689223856011e-04 1.164316989693253007e-04 1.146227987095602428e-04 1.126796433434291988e-04 1.106791880841775342e-04 1.087173368871625581e-04 1.069021453862929440e-04 1.053443757979498059e-04 1.041464798068930577e-04 1.033915041006280616e-04 1.031335793440974792e-04 1.033915041006280616e-04 1.041464798068930577e-04 1.053443757979498059e-04 1.069021453862929440e-04 1.087173368871625581e-04 1.106791880841775342e-04 1.126796433434291988e-04 1.146227987095602428e-04 1.164316989693253007e-04 1.180519689223856011e-04 1.194523291991809029e-04 1.206225118495187816e-04 1.215693805553113584e-04 1.223121534446277084e-04 1.241938122339469929e-04 1.241938122339469929e-04 1.241938122339469929e-04 1.241938122339469929e-04 1.241938122339469929e-04 1.241938122339469929e-04 1.241938122339469929e-04 1.241938122339469929e-04 1.241938122339469929e-04 1.241938122339469929e-04
1.241938122339469929e-04 1.241938122339469929e-04 1.241938122339469929e-04 1.241938122339469929e-04 1.241938122339469929e-04 1.241938122339469929e-04 1.241938122339469929e-04 1.241938122339469929e-04 1.241938122339469929e-04 1.241938122339469929e-04 1.241938122339469929e-04 1.216956036638481631e-04 1.207094516535793223e-04 1.194523291991809029e-04 1.178987211049563886e-04 1.160395147150552911e-04 1.138883424060346556e-04 1.114867326364791898e-04 1.089068773427049458e-04 1.062509471065064019e-04 1.036462700516326300e-04 1.012363076346507631e-04 9.916811474126966406e-05 9.757771267266314322e-05 9.657535943502329240e-05 9.623292230409241578e-05 9.657535943502329240e-05 9.757771267266314322e-05 9.916811474126966406e-05 1.012363076346507631e-04 1.036462700516326300e-04 1.062509471065064019e-04 1.089068773427049458e-04 1.114867326364791898e-04 1.138883424060346556e-04 1.160395147150552911e-04 1.069383308482700162e-04 1.041653943079388559e-04 9.990714352026040465e-05 9.407715086492444913e-05 8.841846339161770006e-05 7.898062529497287018e-05 6.844404294806449493e-05 5.712544402722855236e-05 4.547308151767325040e-05 3.404558208638132344e-05 2.347235417009753110e-05 1.439857165694837809e-05 7.421000790525784140e-06 3.023376512441094166e-06 1.521002115721344134e-06 3.023376512441094166e-06 7.421000790525784140e-06 1.439857165694837809e-05 2.347235417009753110e-05 3.404558208638132344e-05 4.547308151767325040e-05 5.712544402722855236e-05 6.844404294806449493e-05 7.898062529497287018e-05 8.841846339161770006e-05 9.407715086492444913e-05 9.990714352026040465e-05 1.041653943079388559e-04 1.069383308482700162e-04 1.160395147150552911e-04 1.138883424060346556e-04 1.114867326364791898e-04 1.089068773427049458e-04 1.062509471065064019e-04 1.036462700516326300e-04 1.012363076346507631e-04 9.916811474126966406e-05 9.757771267266314322e-05 9.657535943502329240e-05 9.623292230409241578e-05 9.657535943502329240e-05 9.757771267266314322e-05 9.916811474126966406e-05 1.012363076346507631e-04 1.036462700516326300e-04 1.062509471065064019e-04 1.089068773427049458e-04 1.114867326364791898e-04 1.138883424060346556e-04 1.160395147150552911e-04 1.178987211049563886e-04 1.194523291991809029e-04 1.207094516535793223e-04 1.216956036638481631e-04 1.241938122339469929e-04 1.241938122339469929e-04 1.241938122339469929e-04 1.241938122339469929e-04 1.241938122339469929e-04 1.241938122339469929e-04 1.241938122339469929e-04 1.241938122339469929e-04 1.241938122339469929e-04 1.241938122339469929e-04
1.241938122339469929e-04 1.241938122339469929e-04 1.241938122339469929e-04 1.241938122339469929e-04 1.241938122339469929e-04 1.241938122339469929e-04 1.241938122339469929e-04 1.241938122339469929e-04 1.241938122339469929e-04 1.241938122339469929e-04 1.241938122339469929e-04 1.209577771190594115e-04 1.196803727533700331e-04 1.180519689223856011e-04 1.160395147150552911e-04 1.136312061232289014e-04 1.108447017402544989e-04 1.077337951331928289e-04 1.043919995673999579e-04 1.009516609143746094e-04 9.757771267266314322e-05 9.445598652847489430e-05 9.177696888861571042e-05 8.971685389165328728e-05 8.841846339161770006e-05 8.797489010730629735e-05 8.841846339161770006e-05 8.971685389165328728e-05 9.177696888861571042e-05 9.445598652847489430e-05 9.757771267266314322e-05 1.009516609143746094e-04 1.043919995673999579e-04 1.077337951331928289e-04 1.108447017402544989e-04 1.136312061232289014e-04 1.049432281929007610e-04 1.025754935756011935e-04 9.862013986352050586e-05 9.299688718920483439e-05 8.797489010730629735e-05 7.842003364531222867e-05 6.775280976482624909e-05 5.629387320202218194e-05 4.449703476489088775e-05 3.292784745023143400e-05 2.222352363734940363e-05 1.303723663044329171e-05 5.973151889917752692e-06 1.521002115721344134e-06 0.000000000000000000e+00 1.521002115721344134e-06 5.973151889917752692e-06 1.303723663044329171e-05 2.222352363734940363e-05 3.292784745023143400e-05 4.449703476489088775e-05 5.629387320202218194e-05 6.775280976482624909e-05 7.842003364531222867e-05 8.797489010730629735e-05 9.299688718920483439e-05 9.862013986352050586e-05 1.025754935756011935e-04 1.049432281929007610e-04 1.136312061232289014e-04 1.108447017402544989e-04 1.077337951331928289e-04 1.043919995673999579e-04 1.009516609143746094e-04 9.757771267266314322e-05 9.445598652847489430e-05 9.177696888861571042e-05 8.971685389165328728e-05 8.841846339161770006e-05 8.797489010730629735e-05 8.841846339161770006e-05 8.971685389165328728e-05 9.177696888861571042e-05 9.445598652847489430e-05 9.757771267266314322e-05 1.009516609143746094e-04 1.043919995673999579e-04 1.077337951331928289e-04 1.108447017402544989e-04 1.136312061232289014e-04 1.160395147150552911e-04 1.180519689223856011e-04 1.196803727533700331e-04 1.209577771190594115e-04 1.241938122339469929e-04 1.241938122339469929e-04 1.241938122339469929e-04 1.241938122339469929e-04 1.241938122339469929e-04 1.241938122339469929e-04 1.241938122339469929e-04 1.241938122339469929e-04 1.241938122339469929e-04 1.241938122339469929e-04
