0.000000000000000000e+00 0.000000000000000000e+00 0.000000000000000000e+00 0.000000000000000000e+00 0.000000000000000000e+00 0.000000000000000000e+00 0.000000000000000000e+00 0.000000000000000000e+00 0.000000000000000000e+00 0.000000000000000000e+00 0.000000000000000000e+00 0.000000000000000000e+00 0.000000000000000000e+00 0.000000000000000000e+00 0.000000000000000000e+00 0.000000000000000000e+00 0.000000000000000000e+00 0.000000000000000000e+00 0.000000000000000000e+00 0.000000000000000000e+00 0.000000000000000000e+00 0.000000000000000000e+00 0.000000000000000000e+00 0.000000000000000000e+00 0.000000000000000000e+00 0.000000000000000000e+00 0.000000000000000000e+00 0.000000000000000000e+00 0.000000000000000000e+00 0.000000000000000000e+00 0.000000000000000000e+00 0.000000000000000000e+00 0.000000000000000000e+00 0.000000000000000000e+00 0.000000000000000000e+00 0.000000000000000000e+00 0.000000000000000000e+00 0.000000000000000000e+00 0.000000000000000000e+00 0.000000000000000000e+00 0.000000000000000000e+00 0.000000000000000000e+00 0.000000000000000000e+00 0.000000000000000000e+00 0.000000000000000000e+00 0.000000000000000000e+00 0.000000000000000000e+00 0.000000000000000000e+00 0.000000000000000000e+00 0.000000000000000000e+00 0.000000000000000000e+00 0.000000000000000000e+00 0.000000000000000000e+00 0.000000000000000000e+00 0.000000000000000000e+00 0.000000000000000000e+00 0.000000000000000000e+00 0.000000000000000000e+00 0.000000000000000000e+00 0.000000000000000000e+00 0.000000000000000000e+00 0.000000000000000000e+00 0.000000000000000000e+00 0.000000000000000000e+00 0.000000000000000000e+00 0.000000000000000000e+00 0.000000000000000000e+00 0.000000000000000000e+00 0.000000000000000000e+00 0.000000000000000000e+00 0.000000000000000000e+00 0.000000000000000000e+00 0.000000000000000000e+00 0.000000000000000000e+00 0.000000000000000000e+00 0.000000000000000000e+00 0.000000000000000000e+00 0.000000000000000000e+00 0.000000000000000000e+00 0.000000000000000000e+00 0.000000000000000000e+00 0.000000000000000000e+00 0.000000000000000000e+00 0.000000000000000000e+00 0.000000000000000000e+00 0.000000000000000000e+00 0.000000000000000000e+00 0.000000000000000000e+00 0.000000000000000000e+00 0.000000000000000000e+00 0.000000000000000000e+00 0.000000000000000000e+00 0.000000000000000000e+00 0.000000000000000000e+00 0.000000000000000000e+00 0.000000000000000000e+00 0.000000000000000000e+00 0.000000000000000000e+00 0.000000000000000000e+00 0.000000000000000000e+00
0.000000000000000000e+00 1.787427466539997193e-06 1.990436296197384920e-06 2.211591142536829980e-06 2.451873756794071647e-06 2.712239725223692561e-06 2.993606712862688036e-06 3.296841887532144150e-06 3.622748612798817084e-06 3.972052519820902697e-06 4.345387089357308994e-06 4.743278896296981258e-06 5.166132689396379938e-06 5.614216498002547760e-06 6.087646974871138971e-06 6.586375199239272072e-06 7.110173176564672205e-06 7.658621280294126198e-06 8.231096886209659911e-06 8.826764450898931004e-06 9.444567282350447885e-06 1.008322124230055022e-05 1.074121060656646546e-05 1.141678629109370814e-05 1.210796662784616909e-05 1.281254084610730540e-05 1.352807538150019209e-05 1.425192309745339991e-05 1.498123546244437203e-05 1.571297768176186462e-05 1.644394673547664750e-05 1.717079222561945304e-05 1.789003988614742426e-05 1.859811756010435534e-05 1.929138340045998589e-05 1.996615600548037263e-05 2.061874615716021637e-05 2.124548979323323121e-05 2.184278181050342322e-05 2.240711027056118678e-05 2.293509055910947326e-05 2.342349903774203736e-05 2.386930572255733466e-05 2.426970552775905603e-05 2.462214762451638356e-05 2.492436248577653009e-05 2.517438621619487929e-05 2.537058180244805214e-05 2.551165696231648072e-05 2.559667832029707414e-05 2.562508169221461418e-05 2.559667832029707414e-05 2.551165696231648072e-05 2.537058180244805214e-05 2.517438621619487929e-05 2.492436248577653009e-05 2.462214762451638356e-05 2.426970552775905603e-05 2.386930572255733466e-05 2.342349903774203736e-05 2.293509055910947326e-05 2.240711027056118678e-05 2.184278181050342322e-05 2.124548979323323121e-05 2.061874615716021637e-05 1.996615600548037263e-05 1.929138340045998589e-05 1.859811756010435534e-05 1.789003988614742426e-05 1.717079222561945304e-05 1.644394673547664750e-05 1.571297768176186462e-05 1.498123546244437203e-05 1.425192309745339991e-05 1.352807538150019209e-05 1.281254084610730540e-05 1.210796662784616909e-05 1.141678629109370814e-05 1.074121060656646546e-05 1.008322124230055022e-05 9.444567282350447885e-06 8.826764450898931004e-06 8.231096886209659911e-06 7.658621280294126198e-06 7.110173176564672205e-06 6.586375199239272072e-06 6.087646974871138971e-06 5.614216498002547760e-06 5.166132689396379938e-06 4.743278896296981258e-06 4.345387089357308994e-06 3.972052519820902697e-06 3.622748612798817084e-06 3.296841887532144150e-06 2.993606712862688036e-06 2.712239725223692561e-06 2.451873756794071647e-06 2.211591142536829980e-06 1.990436296197384920e-06 1.787427466539997193e-06
0.000000000000000000e+00 1.990436296197384920e-06 2.216502053025439799e-06 2.462774778198501474e-06 2.730347726312928749e-06 3.020285015270495813e-06 3.333608534815870162e-06 3.671283942206913938e-06 4.034205843816340258e-06 4.423182285073660807e-06 4.838918694937014742e-06 5.282001454555425738e-06 5.752881282422804205e-06 6.251856649582482529e-06 6.779057457741363227e-06 7.334429229912903809e-06 7.917718076850806000e-06 8.528456712504033151e-06 9.165951797497658482e-06 9.829272890755850464e-06 1.051724328543429504e-05 1.122843299600509721e-05 1.196115414842306674e-05 1.271345900469474178e-05 1.348314082689092979e-05 1.426773775384013115e-05 1.506453982670167763e-05 1.587059925776872506e-05 1.668274399075395003e-05 1.749759455115680042e-05 1.831158413291440317e-05 1.912098181331826793e-05 1.992191873314819083e-05 2.071041702421399258e-05 2.148242121313292415e-05 2.223383177935418664e-05 2.296054049831491495e-05 2.365846715827907388e-05 2.432359720291516928e-05 2.495201982196025323e-05 2.553996599022495155e-05 2.608384594140563702e-05 2.658028555820389670e-05 2.702616116444967015e-05 2.741863221842292538e-05 2.775517142930729789e-05 2.803359185041603152e-05 2.825207054303004899e-05 2.840916845270775125e-05 2.850384619490679982e-05 2.853547550768026231e-05 2.850384619490679982e-05 2.840916845270775125e-05 2.825207054303004899e-05 2.803359185041603152e-05 2.775517142930729789e-05 2.741863221842292538e-05 2.702616116444967015e-05 2.658028555820389670e-05 2.608384594140563702e-05 2.553996599022495155e-05 2.495201982196025323e-05 2.432359720291516928e-05 2.365846715827907388e-05 2.296054049831491495e-05 2.223383177935418664e-05 2.148242121313292415e-05 2.071041702421399258e-05 1.992191873314819083e-05 1.912098181331826793e-05 1.831158413291440317e-05 1.749759455115680042e-05 1.668274399075395003e-05 1.587059925776872506e-05 1.506453982670167763e-05 1.426773775384013115e-05 1.348314082689092979e-05 1.271345900469474178e-05 1.196115414842306674e-05 1.122843299600509721e-05 1.051724328543429504e-05 9.829272890755850464e-06 9.165951797497658482e-06 8.528456712504033151e-06 7.917718076850806000e-06 7.334429229912903809e-06 6.779057457741363227e-06 6.251856649582482529e-06 5.752881282422804205e-06 5.282001454555425738e-06 4.838918694937014742e-06 4.423182285073660807e-06 4.034205843816340258e-06 3.671283942206913938e-06 3.333608534815870162e-06 3.020285015270495813e-06 2.730347726312928749e-06 2.462774778198501474e-06 2.216502053025439799e-06 1.990436296197384920e-06
0.000000000000000000e+00 2.211591142536829980e-06 2.462774778198501474e-06 2.736410552767967418e-06 3.033713190969883697e-06 3.355865043493231372e-06 3.704001540953031182e-06 4.079195633557384512e-06 4.482441326255719929e-06 4.914636445377927773e-06 5.376564799196826113e-06 5.868877920925433675e-06 6.392076607816488643e-06 6.946492493651483623e-06 7.532269913350838814e-06 8.149348337059285062e-06 8.797445666219152934e-06 9.476042695220355586e-06 1.018436904863149420e-05 1.092139090525171161e-05 1.168580081583522032e-05 1.247600991098012153e-05 1.329014277910195343e-05 1.412603527151502111e-05 1.498123546244437203e-05 1.585300795645358968e-05 1.673834169462052294e-05 1.763396136429388241e-05 1.853634246604501766e-05 1.944173003625811872e-05 2.034616096558330826e-05 2.124548979323323121e-05 2.213541779595837303e-05 2.301152512969121343e-05 2.386930572255733466e-05 2.470420456148945086e-05 2.551165696231648072e-05 2.628712936616373768e-05 2.702616116444967015e-05 2.772440702175495793e-05 2.837767914129316640e-05 2.898198890239054684e-05 2.953358729386528311e-05 3.002900357185934066e-05 3.046508158567347624e-05 3.083901324042182115e-05 3.114836860055154405e-05 3.139112218294014159e-05 3.156567504163650757e-05 3.167087230740323078e-05 3.170601591290718614e-05 3.167087230740323078e-05 3.156567504163650757e-05 3.139112218294014159e-05 3.114836860055154405e-05 3.083901324042182115e-05 3.046508158567347624e-05 3.002900357185934066e-05 2.953358729386528311e-05 2.898198890239054684e-05 2.837767914129316640e-05 2.772440702175495793e-05 2.702616116444967015e-05 2.628712936616373768e-05 2.551165696231648072e-05 2.470420456148945086e-05 2.386930572255733466e-05 2.301152512969121343e-05 2.213541779595837303e-05 2.124548979323323121e-05 2.034616096558330826e-05 1.944173003625811872e-05 1.853634246604501766e-05 1.763396136429388241e-05 1.673834169462052294e-05 1.585300795645358968e-05 1.498123546244437203e-05 1.412603527151502111e-05 1.329014277910195343e-05 1.247600991098012153e-05 1.168580081583522032e-05 1.092139090525171161e-05 1.018436904863149420e-05 9.476042695220355586e-06 8.797445666219152934e-06 8.149348337059285062e-06 7.532269913350838814e-06 6.946492493651483623e-06 6.392076607816488643e-06 5.868877920925433675e-06 5.376564799196826113e-06 4.914636445377927773e-06 4.482441326255719929e-06 4.079195633557384512e-06 3.704001540953031182e-06 3.355865043493231372e-06 3.033713190969883697e-06 2.736410552767967418e-06 2.462774778198501474e-06 2.211591142536829980e-06
0.000000000000000000e+00 2.451873756794071647e-06 2.730347726312928749e-06 3.033713190969883697e-06 3.363316851616113008e-06 3.720469517727155402e-06 4.106429980982025533e-06 4.522387764347699588e-06 4.969444868371545005e-06 5.448596665468499738e-06 5.960712122283223344e-06 6.506513559119839955e-06 7.086556183321083112e-06 7.701207659664621857e-06 8.350628004618590363e-06 9.034750111944038825e-06 9.753261233937713488e-06 1.050558575488779433e-05 1.129086960042820270e-05 1.210796662784616909e-05 1.295542733753373922e-05 1.383149023428750118e-05 1.473407614878962060e-05 1.566078580421801337e-05 1.660890088056062838e-05 1.757538879003214119e-05 1.855691133136675496e-05 1.954983733921004938e-05 2.055025938804890012e-05 2.155401454895386631e-05 2.255670913286400076e-05 2.355374728735483609e-05 2.454036324604195820e-05 2.551165696231648072e-05 2.646263279337503693e-05 2.738824083791049647e-05 2.828342047277612427e-05 2.914314558178978938e-05 2.996247092488874407e-05 3.073657905924906256e-05 3.146082719677039123e-05 3.213079336534057869e-05 3.274232123517794972e-05 3.329156297671833416e-05 3.377501953314102908e-05 3.418957771863836412e-05 3.453254359259080874e-05 3.480167160932884092e-05 3.499518910231360762e-05 3.511181572929675590e-05 3.515077758006426883e-05 3.511181572929675590e-05 3.499518910231360762e-05 3.480167160932884092e-05 3.453254359259080874e-05 3.418957771863836412e-05 3.377501953314102908e-05 3.329156297671833416e-05 3.274232123517794972e-05 3.213079336534057869e-05 3.146082719677039123e-05 3.073657905924906256e-05 2.996247092488874407e-05 2.914314558178978938e-05 2.828342047277612427e-05 2.738824083791049647e-05 2.646263279337503693e-05 2.551165696231648072e-05 2.454036324604195820e-05 2.355374728735483609e-05 2.255670913286400076e-05 2.155401454895386631e-05 2.055025938804890012e-05 1.954983733921004938e-05 1.855691133136675496e-05 1.757538879003214119e-05 1.660890088056062838e-05 1.566078580421801337e-05 1.473407614878962060e-05 1.383149023428750118e-05 1.295542733753373922e-05 1.210796662784616909e-05 1.129086960042820270e-05 1.050558575488779433e-05 9.753261233937713488e-06 9.034750111944038825e-06 8.350628004618590363e-06 7.701207659664621857e-06 7.086556183321083112e-06 6.506513559119839955e-06 5.960712122283223344e-06 5.448596665468499738e-06 4.969444868371545005e-06 4.522387764347699588e-06 4.106429980982025533e-06 3.720469517727155402e-06 3.363316851616113008e-06 3.033713190969883697e-06 2.730347726312928749e-06 2.451873756794071647e-06
0.000000000000000000e+00 2.712239725223692561e-06 3.020285015270495813e-06 3.355865043493231372e-06 3.720469517727155402e-06 4.115548443104830803e-06 4.542494283160787009e-06 5.002622877030771912e-06 5.497153247371846603e-06 6.027186465802275728e-06 6.593683775064283218e-06 7.197444199095272399e-06 7.839081903044050096e-06 8.519003594235090816e-06 9.237386281382773721e-06 9.994155732195762756e-06 1.078896598810159422e-05 1.162118030840523490e-05 1.248985392406316557e-05 1.339371898276950382e-05 1.433117206166957815e-05 1.530026461131085550e-05 1.629869667411857351e-05 1.732381419260276291e-05 1.837261018669272426e-05 1.944173003625811872e-05 2.052748105440642469e-05 2.162584648012134568e-05 2.273250395599329826e-05 2.384284848913289338e-05 2.495201982196025323e-05 2.605493406568120125e-05 2.714631937427465361e-05 2.822075536219618018e-05 2.927271589628874609e-05 3.029661482314794854e-05 3.128685412897111467e-05 3.223787397123576467e-05 3.314420397182321642e-05 3.400051512072026238e-05 3.480167160932884092e-05 3.554278189362336022e-05 3.621924828062977262e-05 3.682681433741758316e-05 3.736160944018992027e-05 3.782018981204099715e-05 3.819957544115519369e-05 3.849728232599985295e-05 3.871134955949611116e-05 3.884036083907200197e-05 3.888346007251625776e-05 3.884036083907200197e-05 3.871134955949611116e-05 3.849728232599985295e-05 3.819957544115519369e-05 3.782018981204099715e-05 3.736160944018992027e-05 3.682681433741758316e-05 3.621924828062977262e-05 3.554278189362336022e-05 3.480167160932884092e-05 3.400051512072026238e-05 3.314420397182321642e-05 3.223787397123576467e-05 3.128685412897111467e-05 3.029661482314794854e-05 2.927271589628874609e-05 2.822075536219618018e-05 2.714631937427465361e-05 2.605493406568120125e-05 2.495201982196025323e-05 2.384284848913289338e-05 2.273250395599329826e-05 2.162584648012134568e-05 2.052748105440642469e-05 1.944173003625811872e-05 1.837261018669272426e-05 1.732381419260276291e-05 1.629869667411857351e-05 1.530026461131085550e-05 1.433117206166957815e-05 1.339371898276950382e-05 1.248985392406316557e-05 1.162118030840523490e-05 1.078896598810159422e-05 9.994155732195762756e-06 9.237386281382773721e-06 8.519003594235090816e-06 7.839081903044050096e-06 7.197444199095272399e-06 6.593683775064283218e-06 6.027186465802275728e-06 5.497153247371846603e-06 5.002622877030771912e-06 4.542494283160787009e-06 4.115548443104830803e-06 3.720469517727155402e-06 3.355865043493231372e-06 3.020285015270495813e-06 2.712239725223692561e-06
0.000000000000000000e+00 2.993606712862688036e-06 3.333608534815870162e-06 3.704001540953031182e-06 4.106429980982025533e-06 4.542494283160787009e-06 5.013731364799984305e-06 5.521593569817887035e-06 6.067426381939762312e-06 6.652445097644431604e-06 7.277710678726338152e-06 7.944105039641807087e-06 8.652306058859768827e-06 9.402762635408345353e-06 1.019567014083627071e-05 1.103094664201513661e-05 1.190821029072729767e-05 1.282675829097679231e-05 1.378554786364474122e-05 1.478317962978303186e-05 1.581788382790018393e-05 1.688750976657051454e-05 1.798951889126616010e-05 1.912098181331826793e-05 2.027857960938780996e-05 2.145860965199393070e-05 2.265699617594258279e-05 2.386930572255733466e-05 2.509076753428442916e-05 2.631629889756499009e-05 2.754053535306229993e-05 2.875786561078596691e-05 2.996247092488874407e-05 3.114836860055154405e-05 3.230945922511511368e-05 3.343957713918919853e-05 3.453254359259080874e-05 3.558222196629513579e-05 3.658257438669323405e-05 3.752771901376928814e-05 3.841198725158309201e-05 3.922998010870511925e-05 3.997662292878305103e-05 4.064721771772911835e-05 4.123749231432043952e-05 4.174364568520183528e-05 4.216238867296861364e-05 4.249097958646646920e-05 4.272725409466667309e-05 4.286964896816613119e-05 4.291721930398786141e-05 4.286964896816613119e-05 4.272725409466667309e-05 4.249097958646646920e-05 4.216238867296861364e-05 4.174364568520183528e-05 4.123749231432043952e-05 4.064721771772911835e-05 3.997662292878305103e-05 3.922998010870511925e-05 3.841198725158309201e-05 3.752771901376928814e-05 3.658257438669323405e-05 3.558222196629513579e-05 3.453254359259080874e-05 3.343957713918919853e-05 3.230945922511511368e-05 3.114836860055154405e-05 2.996247092488874407e-05 2.875786561078596691e-05 2.754053535306229993e-05 2.631629889756499009e-05 2.509076753428442916e-05 2.386930572255733466e-05 2.265699617594258279e-05 2.145860965199393070e-05 2.027857960938780996e-05 1.912098181331826793e-05 1.798951889126616010e-05 1.688750976657051454e-05 1.581788382790018393e-05 1.478317962978303186e-05 1.378554786364474122e-05 1.282675829097679231e-05 1.190821029072729767e-05 1.103094664201513661e-05 1.019567014083627071e-05 9.402762635408345353e-06 8.652306058859768827e-06 7.944105039641807087e-06 7.277710678726338152e-06 6.652445097644431604e-06 6.067426381939762312e-06 5.521593569817887035e-06 5.013731364799984305e-06 4.542494283160787009e-06 4.106429980982025533e-06 3.704001540953031182e-06 3.333608534815870162e-06 2.993606712862688036e-06
0.000000000000000000e+00 3.296841887532144150e-06 3.671283942206913938e-06 4.079195633557384512e-06 4.522387764347699588e-06 5.002622877030771912e-06 5.521593569817887035e-06 6.080899300728792321e-06 6.682021843266135499e-06 7.326299596465394915e-06 8.014900991460167600e-06 8.748797275578398518e-06 9.528734992486451673e-06 1.035520851210699968e-05 1.122843299600509721e-05 1.214831821169678741e-05 1.311444363193203582e-05 1.412603527151502111e-05 1.518194472378840979e-05 1.628063086074999194e-05 1.742014465422886478e-05 1.859811756010435534e-05 1.981175388284795027e-05 2.105782750353535503e-05 2.233268331094615813e-05 2.363224362269129549e-05 2.495201982196025323e-05 2.628712936616373768e-05 2.763231824739522592e-05 2.898198890239054684e-05 3.033023348287779280e-05 3.167087230740323078e-05 3.299749722456881958e-05 3.430351952691507953e-05 3.558222196629513579e-05 3.682681433741758316e-05 3.803049201817618793e-05 3.918649678526722074e-05 4.028817916314673898e-05 4.132906151517103273e-05 4.230290104917280424e-05 4.320375188688462150e-05 4.402602533839760761e-05 4.476454752979258959e-05 4.541461355443998399e-05 4.597203735612624182e-05 4.643319660468353646e-05 4.679507189138285640e-05 4.705527965088699045e-05 4.721209830762826778e-05 4.726448724538258420e-05 4.721209830762826778e-05 4.705527965088699045e-05 4.679507189138285640e-05 4.643319660468353646e-05 4.597203735612624182e-05 4.541461355443998399e-05 4.476454752979258959e-05 4.402602533839760761e-05 4.320375188688462150e-05 4.230290104917280424e-05 4.132906151517103273e-05 4.028817916314673898e-05 3.918649678526722074e-05 3.803049201817618793e-05 3.682681433741758316e-05 3.558222196629513579e-05 3.430351952691507953e-05 3.299749722456881958e-05 3.167087230740323078e-05 3.033023348287779280e-05 2.898198890239054684e-05 2.763231824739522592e-05 2.628712936616373768e-05 2.495201982196025323e-05 2.363224362269129549e-05 2.233268331094615813e-05 2.105782750353535503e-05 1.981175388284795027e-05 1.859811756010435534e-05 1.742014465422886478e-05 1.628063086074999194e-05 1.518194472378840979e-05 1.412603527151502111e-05 1.311444363193203582e-05 1.214831821169678741e-05 1.122843299600509721e-05 1.035520851210699968e-05 9.528734992486451673e-06 8.748797275578398518e-06 8.014900991460167600e-06 7.326299596465394915e-06 6.682021843266135499e-06 6.080899300728792321e-06 5.521593569817887035e-06 5.002622877030771912e-06 4.522387764347699588e-06 4.079195633557384512e-06 3.671283942206913938e-06 3.296841887532144150e-06
0.000000000000000000e+00 3.622748612798817084e-06 4.034205843816340258e-06 4.482441326255719929e-06 4.969444868371545005e-06 5.497153247371846603e-06 6.067426381939762312e-06 6.682021843266135499e-06 7.342567884413827877e-06 8.050535210807794012e-06 8.807207757927114206e-06 9.613652784994442723e-06 1.047069063466612628e-05 1.137886454741677902e-05 1.233841095443959742e-05 1.334923070338902372e-05 1.441086169612276507e-05 1.552245343574404539e-05 1.668274399075395003e-05 1.789003988614742426e-05 1.914219942409870888e-05 2.043661991991129487e-05 2.177022931176258850e-05 2.313948256526623292e-05 2.454036324604195820e-05 2.596839057559864356e-05 2.741863221842292538e-05 2.888572297199808333e-05 3.036388944757680941e-05 3.184698073915815872e-05 3.332850498275175102e-05 3.480167160932884092e-05 3.625943899469882110e-05 3.769456710988147746e-05 3.909967467842009875e-05 4.046730025459200649e-05 4.178996655069673426e-05 4.306024726455373949e-05 4.427083559191675283e-05 4.541461355443998399e-05 4.648472123362092605e-05 4.747462497604822861e-05 4.837818362624474687e-05 4.918971185103328508e-05 4.990403964392050646e-05 5.051656713938118900e-05 5.102331392463295466e-05 5.142096210965933550e-05 5.170689250363669264e-05 5.187921334599158508e-05 5.193678115119730067e-05 5.187921334599158508e-05 5.170689250363669264e-05 5.142096210965933550e-05 5.102331392463295466e-05 5.051656713938118900e-05 4.990403964392050646e-05 4.918971185103328508e-05 4.837818362624474687e-05 4.747462497604822861e-05 4.648472123362092605e-05 4.541461355443998399e-05 4.427083559191675283e-05 4.306024726455373949e-05 4.178996655069673426e-05 4.046730025459200649e-05 3.909967467842009875e-05 3.769456710988147746e-05 3.625943899469882110e-05 3.480167160932884092e-05 3.332850498275175102e-05 3.184698073915815872e-05 3.036388944757680941e-05 2.888572297199808333e-05 2.741863221842292538e-05 2.596839057559864356e-05 2.454036324604195820e-05 2.313948256526623292e-05 2.177022931176258850e-05 2.043661991991129487e-05 1.914219942409870888e-05 1.789003988614742426e-05 1.668274399075395003e-05 1.552245343574404539e-05 1.441086169612276507e-05 1.334923070338902372e-05 1.233841095443959742e-05 1.137886454741677902e-05 1.047069063466612628e-05 9.613652784994442723e-06 8.807207757927114206e-06 8.050535210807794012e-06 7.342567884413827877e-06 6.682021843266135499e-06 6.067426381939762312e-06 5.497153247371846603e-06 4.969444868371545005e-06 4.482441326255719929e-06 4.034205843816340258e-06 3.622748612798817084e-06
0.000000000000000000e+00 3.972052519820902697e-06 4.423182285073660807e-06 4.914636445377927773e-06 5.448596665468499738e-06 6.027186465802275728e-06 6.652445097644431604e-06 7.326299596465394915e-06 8.050535210807794012e-06 8.826764450898931004e-06 9.656395048740113064e-06 1.054059716824215172e-05 1.148027024915746256e-05 1.247600991098012153e-05 1.352807538150019209e-05 1.463635794814436966e-05 1.580035095746063455e-05 1.701912190799690885e-05 1.829128719334661364e-05 1.961499005435255962e-05 2.098788229157978269e-05 2.240711027056118678e-05 2.386930572255733466e-05 2.537058180244805214e-05 2.690653481292889728e-05 2.847225194071949505e-05 3.006232527657787376e-05 3.167087230740323078e-05 3.329156297671833416e-05 3.491765331073656175e-05 3.654202550265505853e-05 3.815723423961758499e-05 3.975555894697236682e-05 4.132906151517103273e-05 4.286964896816613119e-05 4.436914043075711238e-05 4.581933765828874954e-05 4.721209830762826778e-05 4.853941105551811205e-05 4.979347161111547161e-05 5.096675862544313779e-05 5.205210847295871287e-05 5.304278787054084664e-05 5.393256330756371916e-05 5.471576628766887130e-05 5.538735342821973832e-05 5.594296052669720946e-05 5.637894978351622058e-05 5.669244946656865812e-05 5.688138541251733699e-05 5.694450388143899687e-05 5.688138541251733699e-05 5.669244946656865812e-05 5.637894978351622058e-05 5.594296052669720946e-05 5.538735342821973832e-05 5.471576628766887130e-05 5.393256330756371916e-05 5.304278787054084664e-05 5.205210847295871287e-05 5.096675862544313779e-05 4.979347161111547161e-05 4.853941105551811205e-05 4.721209830762826778e-05 4.581933765828874954e-05 4.436914043075711238e-05 4.286964896816613119e-05 4.132906151517103273e-05 3.975555894697236682e-05 3.815723423961758499e-05 3.654202550265505853e-05 3.491765331073656175e-05 3.329156297671833416e-05 3.167087230740323078e-05 3.006232527657787376e-05 2.847225194071949505e-05 2.690653481292889728e-05 2.537058180244805214e-05 2.386930572255733466e-05 2.240711027056118678e-05 2.098788229157978269e-05 1.961499005435255962e-05 1.829128719334661364e-05 1.701912190799690885e-05 1.580035095746063455e-05 1.463635794814436966e-05 1.352807538150019209e-05 1.247600991098012153e-05 1.148027024915746256e-05 1.054059716824215172e-05 9.656395048740113064e-06 8.826764450898931004e-06 8.050535210807794012e-06 7.326299596465394915e-06 6.652445097644431604e-06 6.027186465802275728e-06 5.448596665468499738e-06 4.914636445377927773e-06 4.423182285073660807e-06 3.972052519820902697e-06
0.000000000000000000e+00 4.345387089357308994e-06 4.838918694937014742e-06 5.376564799196826113e-06 5.960712122283223344e-06 6.593683775064283218e-06 7.277710678726338152e-06 8.014900991460167600e-06 8.807207757927114206e-06 9.656395048740113064e-06 1.056400290911085148e-05 1.153131148705477242e-05 1.255930476097304062e-05 1.364863433283890788e-05 1.479958379535070332e-05 1.601203421800335806e-05 1.728543132681427654e-05 1.861875497420221797e-05 2.001049150812308426e-05 2.145860965199393070e-05 2.296054049831491495e-05 2.451316219854322899e-05 2.611278989921308552e-05 2.775517142930729789e-05 2.943548918651156556e-05 3.114836860055154405e-05 3.288789347095328144e-05 3.464762838520553260e-05 3.642064832266628423e-05 3.819957544115519369e-05 3.997662292878305103e-05 4.174364568520183528e-05 4.349219747631798870e-05 4.521359408696231177e-05 4.689898187951158613e-05 4.853941105551811205e-05 5.012591281451850349e-05 5.164957951177497926e-05 5.310164683702774574e-05 5.447357697147894048e-05 5.575714163199855031e-05 5.694450388143899687e-05 5.802829757310444352e-05 5.900170330658167396e-05 5.985851980160842857e-05 6.059322964629589031e-05 6.120105844524342201e-05 6.167802648084365585e-05 6.202099210590921797e-05 6.222768620578431899e-05 6.229673720110308810e-05 6.222768620578431899e-05 6.202099210590921797e-05 6.167802648084365585e-05 6.120105844524342201e-05 6.059322964629589031e-05 5.985851980160842857e-05 5.900170330658167396e-05 5.802829757310444352e-05 5.694450388143899687e-05 5.575714163199855031e-05 5.447357697147894048e-05 5.310164683702774574e-05 5.164957951177497926e-05 5.012591281451850349e-05 4.853941105551811205e-05 4.689898187951158613e-05 4.521359408696231177e-05 4.349219747631798870e-05 4.174364568520183528e-05 3.997662292878305103e-05 3.819957544115519369e-05 3.642064832266628423e-05 3.464762838520553260e-05 3.288789347095328144e-05 3.114836860055154405e-05 2.943548918651156556e-05 2.775517142930729789e-05 2.611278989921308552e-05 2.451316219854322899e-05 2.296054049831491495e-05 2.145860965199393070e-05 2.001049150812308426e-05 1.861875497420221797e-05 1.728543132681427654e-05 1.601203421800335806e-05 1.479958379535070332e-05 1.364863433283890788e-05 1.255930476097304062e-05 1.153131148705477242e-05 1.056400290911085148e-05 9.656395048740113064e-06 8.807207757927114206e-06 8.014900991460167600e-06 7.277710678726338152e-06 6.593683775064283218e-06 5.960712122283223344e-06 5.376564799196826113e-06 4.838918694937014742e-06 4.345387089357308994e-06
0.000000000000000000e+00 4.743278896296981258e-06 5.282001454555425738e-06 5.868877920925433675e-06 6.506513559119839955e-06 7.197444199095272399e-06 7.944105039641807087e-06 8.748797275578398518e-06 9.613652784994442723e-06 1.054059716824215172e-05 1.153131148705477242e-05 1.258719310809743625e-05 1.370931610921146269e-05 1.489839175727019420e-05 1.615472961255755684e-05 1.747819985452057491e-05 1.886819745625823930e-05 2.032360885886455579e-05 2.184278181050342322e-05 2.342349903774203736e-05 2.506295640725924497e-05 2.675774621382512474e-05 2.850384619490679982e-05 3.029661482314794854e-05 3.213079336534057869e-05 3.400051512072026238e-05 3.589932216315124149e-05 3.782018981204099715e-05 3.975555894697236682e-05 4.169737616271476416e-05 4.363714163641149116e-05 4.556596444953340093e-05 4.747462497604822861e-05 4.935364381775838970e-05 5.119335664059414828e-05 5.298399414455293838e-05 5.471576628766887130e-05 5.637894978351622058e-05 5.796397780478108013e-05 5.946153075463774147e-05 6.086262691502048735e-05 6.215871174802062510e-05 6.334174461480646156e-05 6.440428168646236565e-05 6.533955385331103867e-05 6.614153849346954424e-05 6.680502403694869580e-05 6.732566635740195237e-05 6.770003613806272217e-05 6.792565648942979135e-05 6.800103024144051121e-05 6.792565648942979135e-05 6.770003613806272217e-05 6.732566635740195237e-05 6.680502403694869580e-05 6.614153849346954424e-05 6.533955385331103867e-05 6.440428168646236565e-05 6.334174461480646156e-05 6.215871174802062510e-05 6.086262691502048735e-05 5.946153075463774147e-05 5.796397780478108013e-05 5.637894978351622058e-05 5.471576628766887130e-05 5.298399414455293838e-05 5.119335664059414828e-05 4.935364381775838970e-05 4.747462497604822861e-05 4.556596444953340093e-05 4.363714163641149116e-05 4.169737616271476416e-05 3.975555894697236682e-05 3.782018981204099715e-05 3.589932216315124149e-05 3.400051512072026238e-05 3.213079336534057869e-05 3.029661482314794854e-05 2.850384619490679982e-05 2.675774621382512474e-05 2.506295640725924497e-05 2.342349903774203736e-05 2.184278181050342322e-05 2.032360885886455579e-05 1.886819745625823930e-05 1.747819985452057491e-05 1.615472961255755684e-05 1.489839175727019420e-05 1.370931610921146269e-05 1.258719310809743625e-05 1.153131148705477242e-05 1.054059716824215172e-05 9.613652784994442723e-06 8.748797275578398518e-06 7.944105039641807087e-06 7.197444199095272399e-06 6.506513559119839955e-06 5.868877920925433675e-06 5.282001454555425738e-06 4.743278896296981258e-06
0.000000000000000000e+00 5.166132689396379938e-06 5.752881282422804205e-06 6.392076607816488643e-06 7.086556183321083112e-06 7.839081903044050096e-06 8.652306058859768827e-06 9.528734992486451673e-06 1.047069063466612628e-05 1.148027024915746256e-05 1.255930476097304062e-05 1.370931610921146269e-05 1.493147412359775490e-05 1.622655347901940141e-05 1.759489133243830926e-05 1.903634629005975665e-05 2.055025938804890012e-05 2.213541779595837303e-05 2.379002196701719883e-05 2.551165696231648072e-05 2.729726866567780560e-05 2.914314558178978938e-05 3.104490687148809077e-05 3.299749722456881958e-05 3.499518910231360762e-05 3.703159279936025697e-05 3.909967467842009875e-05 4.119178382272541345e-05 4.329968723144619555e-05 4.541461355443998399e-05 4.752730522670290173e-05 4.962807872216440039e-05 5.170689250363669264e-05 5.375342210359948124e-05 5.575714163199855031e-05 5.770741087534464724e-05 5.959356702908078358e-05 6.140501999531252015e-05 6.313135008327301514e-05 6.476240687278553212e-05 6.628840794364641929e-05 6.770003613806272217e-05 6.898853401038984666e-05 7.014579412930510756e-05 7.116444393259025803e-05 7.203792389370984280e-05 7.276055784167045448e-05 7.332761437998126786e-05 7.373535847516902108e-05 7.398109242800498283e-05 7.406318559872050039e-05 7.398109242800498283e-05 7.373535847516902108e-05 7.332761437998126786e-05 7.276055784167045448e-05 7.203792389370984280e-05 7.116444393259025803e-05 7.014579412930510756e-05 6.898853401038984666e-05 6.770003613806272217e-05 6.628840794364641929e-05 6.476240687278553212e-05 6.313135008327301514e-05 6.140501999531252015e-05 5.959356702908078358e-05 5.770741087534464724e-05 5.575714163199855031e-05 5.375342210359948124e-05 5.170689250363669264e-05 4.962807872216440039e-05 4.752730522670290173e-05 4.541461355443998399e-05 4.329968723144619555e-05 4.119178382272541345e-05 3.909967467842009875e-05 3.703159279936025697e-05 3.499518910231360762e-05 3.299749722456881958e-05 3.104490687148809077e-05 2.914314558178978938e-05 2.729726866567780560e-05 2.551165696231648072e-05 2.379002196701719883e-05 2.213541779595837303e-05 2.055025938804890012e-05 1.903634629005975665e-05 1.759489133243830926e-05 1.622655347901940141e-05 1.493147412359775490e-05 1.370931610921146269e-05 1.255930476097304062e-05 1.148027024915746256e-05 1.047069063466612628e-05 9.528734992486451673e-06 8.652306058859768827e-06 7.839081903044050096e-06 7.086556183321083112e-06 6.392076607816488643e-06 5.752881282422804205e-06 5.166132689396379938e-06
0.000000000000000000e+00 5.614216498002547760e-06 6.251856649582482529e-06 6.946492493651483623e-06 7.701207659664621857e-06 8.519003594235090816e-06 9.402762635408345353e-06 1.035520851210699968e-05 1.137886454741677902e-05 1.247600991098012153e-05 1.364863433283890788e-05 1.489839175727019420e-05 1.622655347901940141e-05 1.763396136429388241e-05 1.912098181331826793e-05 2.068746116852652022e-05 2.233268331094615813e-05 2.405533021544768054e-05 2.585344625181835310e-05 2.772440702175495793e-05 2.966489351073225649e-05 3.167087230740323078e-05 3.373758260112088962e-05 3.585953061004577976e-05 3.803049201817618793e-05 4.024352290993373795e-05 4.249097958646646920e-05 4.476454752979258959e-05 4.705527965088699045e-05 4.935364381775838970e-05 5.164957951177497926e-05 5.393256330756371916e-05 5.619168271658928738e-05 5.841571778006034616e-05 6.059322964629589031e-05 6.271265522435244143e-05 6.476240687278553212e-05 6.673097596301578657e-05 6.860703905383014551e-05 7.037956532975320992e-05 7.203792389370984280e-05 7.357198946550677968e-05 7.497224502365525513e-05 7.622987993989157273e-05 7.733688219382686669e-05 7.828612331929340497e-05 7.907143482338705647e-05 7.968767493259274978e-05 8.013078465582242006e-05 8.039783230927560059e-05 8.048704581986746234e-05 8.039783230927560059e-05 8.013078465582242006e-05 7.968767493259274978e-05 7.907143482338705647e-05 7.828612331929340497e-05 7.733688219382686669e-05 7.622987993989157273e-05 7.497224502365525513e-05 7.357198946550677968e-05 7.203792389370984280e-05 7.037956532975320992e-05 6.860703905383014551e-05 6.673097596301578657e-05 6.476240687278553212e-05 6.271265522435244143e-05 6.059322964629589031e-05 5.841571778006034616e-05 5.619168271658928738e-05 5.393256330756371916e-05 5.164957951177497926e-05 4.935364381775838970e-05 4.705527965088699045e-05 4.476454752979258959e-05 4.249097958646646920e-05 4.024352290993373795e-05 3.803049201817618793e-05 3.585953061004577976e-05 3.373758260112088962e-05 3.167087230740323078e-05 2.966489351073225649e-05 2.772440702175495793e-05 2.585344625181835310e-05 2.405533021544768054e-05 2.233268331094615813e-05 2.068746116852652022e-05 1.912098181331826793e-05 1.763396136429388241e-05 1.622655347901940141e-05 1.489839175727019420e-05 1.364863433283890788e-05 1.247600991098012153e-05 1.137886454741677902e-05 1.035520851210699968e-05 9.402762635408345353e-06 8.519003594235090816e-06 7.701207659664621857e-06 6.946492493651483623e-06 6.251856649582482529e-06 5.614216498002547760e-06
0.000000000000000000e+00 6.087646974871138971e-06 6.779057457741363227e-06 7.532269913350838814e-06 8.350628004618590363e-06 9.237386281382773721e-06 1.019567014083627071e-05 1.122843299600509721e-05 1.233841095443959742e-05 1.352807538150019209e-05 1.479958379535070332e-05 1.615472961255755684e-05 1.759489133243830926e-05 1.912098181331826793e-05 2.073339835288271626e-05 2.243197433607189593e-05 2.421593325569232802e-05 2.608384594140563702e-05 2.803359185041603152e-05 3.006232527657787376e-05 3.216644732256663917e-05 3.434158445123891286e-05 3.658257438669323405e-05 3.888346007251625776e-05 4.123749231432043952e-05 4.363714163641149116e-05 4.607411976914225571e-05 4.853941105551811205e-05 5.102331392463295466e-05 5.351549242765023593e-05 5.600503767179099656e-05 5.848053882196178253e-05 6.093016317134695249e-05 6.334174461480646156e-05 6.570287969571240853e-05 6.800103024144051121e-05 7.022363145859349825e-05 7.235820422956320695e-05 7.439247024041742136e-05 7.631446847923519709e-05 7.811267157644635024e-05 7.977610041655719343e-05 8.129443543545823670e-05 8.265812303034207901e-05 8.385847555054541701e-05 8.488776340717253525e-05 8.573929793633226239e-05 8.640750377376922944e-05 8.688797964553421891e-05 8.717754664749591449e-05 8.727428327282298233e-05 8.717754664749591449e-05 8.688797964553421891e-05 8.640750377376922944e-05 8.573929793633226239e-05 8.488776340717253525e-05 8.385847555054541701e-05 8.265812303034207901e-05 8.129443543545823670e-05 7.977610041655719343e-05 7.811267157644635024e-05 7.631446847923519709e-05 7.439247024041742136e-05 7.235820422956320695e-05 7.022363145859349825e-05 6.800103024144051121e-05 6.570287969571240853e-05 6.334174461480646156e-05 6.093016317134695249e-05 5.848053882196178253e-05 5.600503767179099656e-05 5.351549242765023593e-05 5.102331392463295466e-05 4.853941105551811205e-05 4.607411976914225571e-05 4.363714163641149116e-05 4.123749231432043952e-05 3.888346007251625776e-05 3.658257438669323405e-05 3.434158445123891286e-05 3.216644732256663917e-05 3.006232527657787376e-05 2.803359185041603152e-05 2.608384594140563702e-05 2.421593325569232802e-05 2.243197433607189593e-05 2.073339835288271626e-05 1.912098181331826793e-05 1.759489133243830926e-05 1.615472961255755684e-05 1.479958379535070332e-05 1.352807538150019209e-05 1.233841095443959742e-05 1.122843299600509721e-05 1.019567014083627071e-05 9.237386281382773721e-06 8.350628004618590363e-06 7.532269913350838814e-06 6.779057457741363227e-06 6.087646974871138971e-06
0.000000000000000000e+00 6.586375199239272072e-06 7.334429229912903809e-06 8.149348337059285062e-06 9.034750111944038825e-06 9.994155732195762756e-06 1.103094664201513661e-05 1.214831821169678741e-05 1.334923070338902372e-05 1.463635794814436966e-05 1.601203421800335806e-05 1.747819985452057491e-05 1.903634629005975665e-05 2.068746116852652022e-05 2.243197433607189593e-05 2.426970552775905603e-05 2.619981462133020802e-05 2.822075536219618018e-05 3.033023348287779280e-05 3.252517014380712891e-05 3.480167160932884092e-05 3.715500604188844461e-05 3.957958824804265171e-05 4.206897314173718694e-05 4.461585860333326669e-05 4.721209830762826778e-05 4.984872497155306019e-05 5.251598433375192620e-05 5.520338002571443560e-05 5.789972932982265257e-05 6.059322964629589031e-05 6.327153531160073572e-05 6.592184422879690422e-05 6.853099358908537955e-05 7.108556378724672044e-05 7.357198946550677968e-05 7.597667646442155291e-05 7.828612331929340497e-05 8.048704581986746234e-05 8.256650305274995042e-05 8.451202327288681181e-05 8.631172790481275378e-05 8.795445195794953210e-05 8.942985915411719438e-05 9.072855011008857458e-05 9.184216199325965981e-05 9.276345817342658638e-05 9.348640652668172187e-05 9.400624520633721684e-05 9.431953487771787127e-05 9.442419661525654911e-05 9.431953487771787127e-05 9.400624520633721684e-05 9.348640652668172187e-05 9.276345817342658638e-05 9.184216199325965981e-05 9.072855011008857458e-05 8.942985915411719438e-05 8.795445195794953210e-05 8.631172790481275378e-05 8.451202327288681181e-05 8.256650305274995042e-05 8.048704581986746234e-05 7.828612331929340497e-05 7.597667646442155291e-05 7.357198946550677968e-05 7.108556378724672044e-05 6.853099358908537955e-05 6.592184422879690422e-05 6.327153531160073572e-05 6.059322964629589031e-05 5.789972932982265257e-05 5.520338002571443560e-05 5.251598433375192620e-05 4.984872497155306019e-05 4.721209830762826778e-05 4.461585860333326669e-05 4.206897314173718694e-05 3.957958824804265171e-05 3.715500604188844461e-05 3.480167160932884092e-05 3.252517014380712891e-05 3.033023348287779280e-05 2.822075536219618018e-05 2.619981462133020802e-05 2.426970552775905603e-05 2.243197433607189593e-05 2.068746116852652022e-05 1.903634629005975665e-05 1.747819985452057491e-05 1.601203421800335806e-05 1.463635794814436966e-05 1.334923070338902372e-05 1.214831821169678741e-05 1.103094664201513661e-05 9.994155732195762756e-06 9.034750111944038825e-06 8.149348337059285062e-06 7.334429229912903809e-06 6.586375199239272072e-06
