0.000000000000000000e+00 0.000000000000000000e+00 0.000000000000000000e+00 0.000000000000000000e+00 0.000000000000000000e+00 0.000000000000000000e+00 0.000000000000000000e+00 0.000000000000000000e+00 0.000000000000000000e+00 0.000000000000000000e+00 0.000000000000000000e+00 0.000000000000000000e+00 0.000000000000000000e+00 0.000000000000000000e+00 0.000000000000000000e+00 0.000000000000000000e+00 0.000000000000000000e+00 0.000000000000000000e+00 0.000000000000000000e+00 0.000000000000000000e+00 0.000000000000000000e+00 0.000000000000000000e+00 0.000000000000000000e+00 0.000000000000000000e+00 0.000000000000000000e+00 0.000000000000000000e+00 0.000000000000000000e+00 0.000000000000000000e+00 0.000000000000000000e+00 0.000000000000000000e+00 0.000000000000000000e+00 0.000000000000000000e+00 0.000000000000000000e+00 0.000000000000000000e+00 0.000000000000000000e+00 0.000000000000000000e+00 0.000000000000000000e+00 0.000000000000000000e+00 0.000000000000000000e+00 0.000000000000000000e+00 0.000000000000000000e+00 0.000000000000000000e+00 0.000000000000000000e+00 0.000000000000000000e+00 0.000000000000000000e+00 0.000000000000000000e+00 0.000000000000000000e+00 0.000000000000000000e+00 0.000000000000000000e+00 0.000000000000000000e+00 0.000000000000000000e+00 0.000000000000000000e+00 0.000000000000000000e+00 0.000000000000000000e+00 0.000000000000000000e+00 0.000000000000000000e+00 0.000000000000000000e+00 0.000000000000000000e+00 0.000000000000000000e+00 0.000000000000000000e+00 0.000000000000000000e+00 0.000000000000000000e+00 0.000000000000000000e+00 0.000000000000000000e+00 0.000000000000000000e+00 0.000000000000000000e+00 0.000000000000000000e+00 0.000000000000000000e+00 0.000000000000000000e+00 0.000000000000000000e+00 0.000000000000000000e+00 0.000000000000000000e+00 0.000000000000000000e+00 0.000000000000000000e+00 0.000000000000000000e+00 0.000000000000000000e+00 0.000000000000000000e+00 0.000000000000000000e+00 0.000000000000000000e+00 0.000000000000000000e+00 0.000000000000000000e+00 0.000000000000000000e+00 0.000000000000000000e+00 0.000000000000000000e+00 0.000000000000000000e+00 0.000000000000000000e+00 0.000000000000000000e+00 0.000000000000000000e+00 0.000000000000000000e+00 0.000000000000000000e+00 0.000000000000000000e+00 0.000000000000000000e+00 0.000000000000000000e+00 0.000000000000000000e+00 0.000000000000000000e+00 0.000000000000000000e+00 0.000000000000000000e+00 0.000000000000000000e+00 0.000000000000000000e+00 0.000000000000000000e+00
0.000000000000000000e+00 8.124670302454535200e-07 9.047437709988114620e-07 1.005268701153104806e-06 1.114488071270032740e-06 1.232836238738042285e-06 1.360730324028494870e-06 1.498564494332793200e-06 1.646703914908553855e-06 1.805478418100410856e-06 1.975175949707868033e-06 2.156035861953173530e-06 2.348242131543809409e-06 2.551916590001158227e-06 2.767112261305064054e-06 2.993806908745124824e-06 3.231896898438488521e-06 3.481191491042785290e-06 3.741407675549846223e-06 4.012165659499514324e-06 4.292985128341113368e-06 4.583282382863887694e-06 4.882368457530212421e-06 5.189448314133504624e-06 5.503621194475532484e-06 5.823882202776048908e-06 6.149125173409179454e-06 6.478146862478819912e-06 6.809652482929261633e-06 7.142262582619031373e-06 7.474521243398477597e-06 7.804905557099753538e-06 8.131836311885194232e-06 8.453689800047435016e-06 8.768810636572721168e-06 9.075525457036535168e-06 9.372157344163737486e-06 9.657040815106015882e-06 9.928537186592467255e-06 1.018505012298235855e-05 1.042504116323158183e-05 1.064704501715547461e-05 1.084968441934424518e-05 1.103168433079957400e-05 1.119188528387108574e-05 1.132925567535297084e-05 1.144290282554312910e-05 1.153208263747638965e-05 1.159620771014385780e-05 1.163485378195321798e-05 1.164776440555210120e-05 1.163485378195321798e-05 1.159620771014385780e-05 1.153208263747638965e-05 1.144290282554312910e-05 1.132925567535297084e-05 1.119188528387108574e-05 1.103168433079957400e-05 1.084968441934424518e-05 1.064704501715547461e-05 1.042504116323158183e-05 1.018505012298235855e-05 9.928537186592467255e-06 9.657040815106015882e-06 9.372157344163737486e-06 9.075525457036535168e-06 8.768810636572721168e-06 8.453689800047435016e-06 8.131836311885194232e-06 7.804905557099753538e-06 7.474521243398477597e-06 7.142262582619031373e-06 6.809652482929261633e-06 6.478146862478819912e-06 6.149125173409179454e-06 5.823882202776048908e-06 5.503621194475532484e-06 5.189448314133504624e-06 4.882368457530212421e-06 4.583282382863887694e-06 4.292985128341113368e-06 4.012165659499514324e-06 3.741407675549846223e-06 3.481191491042785290e-06 3.231896898438488521e-06 2.993806908745124824e-06 2.767112261305064054e-06 2.551916590001158227e-06 2.348242131543809409e-06 2.156035861953173530e-06 1.975175949707868033e-06 1.805478418100410856e-06 1.646703914908553855e-06 1.498564494332793200e-06 1.360730324028494870e-06 1.232836238738042285e-06 1.114488071270032740e-06 1.005268701153104806e-06 9.047437709988114620e-07 8.124670302454535200e-07
0.000000000000000000e+00 9.047437709988114620e-07 1.007500933193381842e-06 1.119443080999318909e-06 1.241067148324058619e-06 1.372856825122953181e-06 1.515276606734486803e-06 1.668765428275870550e-06 1.833729929007427582e-06 2.010537402306209612e-06 2.199508497698643449e-06 2.400909752070648448e-06 2.614946037464911580e-06 2.841753022537492906e-06 3.081389753518802006e-06 3.333831468142229928e-06 3.598962762204912511e-06 3.876571232956379090e-06 4.166341726135300157e-06 4.467851313979933184e-06 4.780565129742862768e-06 5.103833180002318148e-06 5.436888249283214389e-06 5.778845002133974384e-06 6.128700375859514465e-06 6.485335342654607457e-06 6.847518103046218567e-06 7.213908753531239971e-06 7.583065450342705407e-06 7.953452068707637942e-06 8.323447333142912534e-06 8.691355369690123174e-06 9.055417605976451918e-06 9.413825920097271973e-06 9.764736915060421454e-06 1.010628717243372213e-05 1.043660931741587367e-05 1.075384870830867272e-05 1.105618054677962487e-05 1.134182719180011880e-05 1.160907545010225471e-05 1.185629360972983778e-05 1.208194798100177261e-05 1.228461871111348874e-05 1.246301464473769721e-05 1.261598701332150258e-05 1.274254175018910816e-05 1.284185024683184476e-05 1.291325838759443547e-05 1.295629372495763982e-05 1.297067068530921491e-05 1.295629372495763982e-05 1.291325838759443547e-05 1.284185024683184476e-05 1.274254175018910816e-05 1.261598701332150258e-05 1.246301464473769721e-05 1.228461871111348874e-05 1.208194798100177261e-05 1.185629360972983778e-05 1.160907545010225471e-05 1.134182719180011880e-05 1.105618054677962487e-05 1.075384870830867272e-05 1.043660931741587367e-05 1.010628717243372213e-05 9.764736915060421454e-06 9.413825920097271973e-06 9.055417605976451918e-06 8.691355369690123174e-06 8.323447333142912534e-06 7.953452068707637942e-06 7.583065450342705407e-06 7.213908753531239971e-06 6.847518103046218567e-06 6.485335342654607457e-06 6.128700375859514465e-06 5.778845002133974384e-06 5.436888249283214389e-06 5.103833180002318148e-06 4.780565129742862768e-06 4.467851313979933184e-06 4.166341726135300157e-06 3.876571232956379090e-06 3.598962762204912511e-06 3.333831468142229928e-06 3.081389753518802006e-06 2.841753022537492906e-06 2.614946037464911580e-06 2.400909752070648448e-06 2.199508497698643449e-06 2.010537402306209612e-06 1.833729929007427582e-06 1.668765428275870550e-06 1.515276606734486803e-06 1.372856825122953181e-06 1.241067148324058619e-06 1.119443080999318909e-06 1.007500933193381842e-06 9.047437709988114620e-07
0.000000000000000000e+00 1.005268701153104806e-06 1.119443080999318909e-06 1.243822978530894397e-06 1.378960541349947597e-06 1.525393201587832654e-06 1.683637064069559878e-06 1.854179833435175009e-06 2.037473330116236640e-06 2.233925656989967439e-06 2.443893090544012139e-06 2.667671782238834297e-06 2.905489367189314020e-06 3.157496588023402417e-06 3.423759051523109283e-06 3.704249244117857809e-06 3.998838939190525293e-06 4.307292134191071029e-06 4.629258658468862003e-06 4.964268593296233627e-06 5.311727643561465012e-06 5.670913595900056859e-06 6.040973990500888847e-06 6.420925123415920687e-06 6.809652482929261633e-06 7.205912707478906018e-06 7.608337133918421291e-06 8.015436983769948245e-06 8.425610211838645776e-06 8.837150016480964593e-06 9.248254984356049670e-06 9.657040815106015882e-06 1.006155354361744306e-05 1.045978414985964632e-05 1.084968441934424518e-05 1.122918389158611726e-05 1.159620771014385780e-05 1.194869516643806690e-05 1.228461871111348874e-05 1.260200319170680245e-05 1.289894506422417009e-05 1.317363131926843254e-05 1.342435786084785858e-05 1.364954707811788520e-05 1.384776435712430969e-05 1.401773329110083272e-05 1.415834936388706887e-05 1.426869190133643092e-05 1.434803410983477940e-05 1.439585104881965343e-05 1.441182541495781543e-05 1.439585104881965343e-05 1.434803410983477940e-05 1.426869190133643092e-05 1.415834936388706887e-05 1.401773329110083272e-05 1.384776435712430969e-05 1.364954707811788520e-05 1.342435786084785858e-05 1.317363131926843254e-05 1.289894506422417009e-05 1.260200319170680245e-05 1.228461871111348874e-05 1.194869516643806690e-05 1.159620771014385780e-05 1.122918389158611726e-05 1.084968441934424518e-05 1.045978414985964632e-05 1.006155354361744306e-05 9.657040815106015882e-06 9.248254984356049670e-06 8.837150016480964593e-06 8.425610211838645776e-06 8.015436983769948245e-06 7.608337133918421291e-06 7.205912707478906018e-06 6.809652482929261633e-06 6.420925123415920687e-06 6.040973990500888847e-06 5.670913595900056859e-06 5.311727643561465012e-06 4.964268593296233627e-06 4.629258658468862003e-06 4.307292134191071029e-06 3.998838939190525293e-06 3.704249244117857809e-06 3.423759051523109283e-06 3.157496588023402417e-06 2.905489367189314020e-06 2.667671782238834297e-06 2.443893090544012139e-06 2.233925656989967439e-06 2.037473330116236640e-06 1.854179833435175009e-06 1.683637064069559878e-06 1.525393201587832654e-06 1.378960541349947597e-06 1.243822978530894397e-06 1.119443080999318909e-06 1.005268701153104806e-06
0.000000000000000000e+00 1.114488071270032740e-06 1.241067148324058619e-06 1.378960541349947597e-06 1.528780387098233570e-06 1.691122508057798256e-06 1.866559082264557465e-06 2.055630801976227162e-06 2.258838576532520765e-06 2.476634847940227346e-06 2.709414601037829524e-06 2.957506163236291351e-06 3.221161901509583849e-06 3.500548936211192677e-06 3.795740002099359910e-06 4.106704596338200929e-06 4.433300560880779474e-06 4.775266252221725929e-06 5.132213454740092985e-06 5.503621194475532484e-06 5.888830607969883234e-06 6.287041015585228964e-06 6.697307340358920226e-06 7.118539001917280809e-06 7.549500400254833316e-06 7.988813086378247536e-06 8.434959696075800174e-06 8.886289699640933690e-06 9.341026994567684335e-06 9.797279340433577750e-06 1.025304960584727538e-05 1.070624876697947434e-05 1.115471056638271120e-05 1.159620771014385780e-05 1.202846945153410970e-05 1.244920038086840980e-05 1.285610021489824092e-05 1.324688435535899825e-05 1.361930496585852327e-05 1.397117229965866865e-05 1.430037599853199925e-05 1.460490607515481035e-05 1.488287328871725388e-05 1.513252862578106468e-05 1.535228160597319812e-05 1.554071714483562221e-05 1.569661072390491645e-05 1.581894164060402229e-05 1.590690413741527927e-05 1.595991624058943912e-05 1.597762617275648830e-05 1.595991624058943912e-05 1.590690413741527927e-05 1.581894164060402229e-05 1.569661072390491645e-05 1.554071714483562221e-05 1.535228160597319812e-05 1.513252862578106468e-05 1.488287328871725388e-05 1.460490607515481035e-05 1.430037599853199925e-05 1.397117229965866865e-05 1.361930496585852327e-05 1.324688435535899825e-05 1.285610021489824092e-05 1.244920038086840980e-05 1.202846945153410970e-05 1.159620771014385780e-05 1.115471056638271120e-05 1.070624876697947434e-05 1.025304960584727538e-05 9.797279340433577750e-06 9.341026994567684335e-06 8.886289699640933690e-06 8.434959696075800174e-06 7.988813086378247536e-06 7.549500400254833316e-06 7.118539001917280809e-06 6.697307340358920226e-06 6.287041015585228964e-06 5.888830607969883234e-06 5.503621194475532484e-06 5.132213454740092985e-06 4.775266252221725929e-06 4.433300560880779474e-06 4.106704596338200929e-06 3.795740002099359910e-06 3.500548936211192677e-06 3.221161901509583849e-06 2.957506163236291351e-06 2.709414601037829524e-06 2.476634847940227346e-06 2.258838576532520765e-06 2.055630801976227162e-06 1.866559082264557465e-06 1.691122508057798256e-06 1.528780387098233570e-06 1.378960541349947597e-06 1.241067148324058619e-06 1.114488071270032740e-06
0.000000000000000000e+00 1.232836238738042285e-06 1.372856825122953181e-06 1.525393201587832654e-06 1.691122508057798256e-06 1.870703837774923535e-06 2.064770128709448717e-06 2.273919489559442202e-06 2.498706021532657970e-06 2.739630211728307727e-06 2.997128988665584282e-06 3.271565545043306675e-06 3.563219046838205051e-06 3.872274361015951141e-06 4.198811946083079811e-06 4.542798060088983456e-06 4.904075449137089284e-06 5.282354685638744446e-06 5.677206329119622251e-06 6.088054083077049272e-06 6.514169118940719266e-06 6.954665732414026615e-06 7.408498488235717312e-06 7.874460996637620274e-06 8.351186448496693924e-06 8.837150016480964593e-06 9.330673206548377476e-06 9.829930218236975924e-06 1.033295634363332032e-05 1.083765840415131810e-05 1.134182719180011880e-05 1.184315184803691135e-05 1.233923607921575503e-05 1.282761607372554045e-05 1.330577995285852280e-05 1.377118855597634317e-05 1.422129733135050929e-05 1.465357907783444264e-05 1.506554725991964614e-05 1.545477960032739384e-05 1.581894164060402229e-05 1.615580995164698469e-05 1.646329467301353393e-05 1.673946106246254181e-05 1.698254974554087624e-05 1.719099536910955001e-05 1.736344338234327078e-05 1.749876469363630111e-05 1.759606798158914421e-05 1.765470947230545637e-05 1.767430003296193935e-05 1.765470947230545637e-05 1.759606798158914421e-05 1.749876469363630111e-05 1.736344338234327078e-05 1.719099536910955001e-05 1.698254974554087624e-05 1.673946106246254181e-05 1.646329467301353393e-05 1.615580995164698469e-05 1.581894164060402229e-05 1.545477960032739384e-05 1.506554725991964614e-05 1.465357907783444264e-05 1.422129733135050929e-05 1.377118855597634317e-05 1.330577995285852280e-05 1.282761607372554045e-05 1.233923607921575503e-05 1.184315184803691135e-05 1.134182719180011880e-05 1.083765840415131810e-05 1.033295634363332032e-05 9.829930218236975924e-06 9.330673206548377476e-06 8.837150016480964593e-06 8.351186448496693924e-06 7.874460996637620274e-06 7.408498488235717312e-06 6.954665732414026615e-06 6.514169118940719266e-06 6.088054083077049272e-06 5.677206329119622251e-06 5.282354685638744446e-06 4.904075449137089284e-06 4.542798060088983456e-06 4.198811946083079811e-06 3.872274361015951141e-06 3.563219046838205051e-06 3.271565545043306675e-06 2.997128988665584282e-06 2.739630211728307727e-06 2.498706021532657970e-06 2.273919489559442202e-06 2.064770128709448717e-06 1.870703837774923535e-06 1.691122508057798256e-06 1.525393201587832654e-06 1.372856825122953181e-06 1.232836238738042285e-06
0.000000000000000000e+00 1.360730324028494870e-06 1.515276606734486803e-06 1.683637064069559878e-06 1.866559082264557465e-06 2.064770128709448717e-06 2.278968802181811202e-06 2.509815259008130740e-06 2.757921082699892653e-06 3.023838680747469604e-06 3.308050308511972426e-06 3.610956836200822135e-06 3.932866390390805244e-06 4.273983016094702818e-06 4.634395518561942080e-06 5.014066655461426116e-06 5.412822859421500635e-06 5.830344677716724624e-06 6.266158119838519890e-06 6.719627104446833665e-06 7.189947194500085145e-06 7.676140802986599059e-06 8.177054041484618536e-06 8.691355369690123174e-06 9.217536186085369088e-06 9.753913478179060951e-06 1.029863462542844842e-05 1.084968441934424518e-05 1.140489433376565208e-05 1.196195404434772539e-05 1.251842516048286730e-05 1.307175709581180638e-05 1.361930496585852327e-05 1.415834936388706887e-05 1.468611782959778341e-05 1.519980779054054787e-05 1.569661072390491645e-05 1.617373725740688391e-05 1.662844290304238404e-05 1.705805409716786163e-05 1.745999420526504398e-05 1.783180914032051368e-05 1.817119224035593382e-05 1.847600805351323685e-05 1.874431468832747497e-05 1.897438440236447397e-05 1.916472212407664534e-05 1.931408163021203515e-05 1.942147913393940179e-05 1.948620407643915424e-05 1.950782695635812190e-05 1.948620407643915424e-05 1.942147913393940179e-05 1.931408163021203515e-05 1.916472212407664534e-05 1.897438440236447397e-05 1.874431468832747497e-05 1.847600805351323685e-05 1.817119224035593382e-05 1.783180914032051368e-05 1.745999420526504398e-05 1.705805409716786163e-05 1.662844290304238404e-05 1.617373725740688391e-05 1.569661072390491645e-05 1.519980779054054787e-05 1.468611782959778341e-05 1.415834936388706887e-05 1.361930496585852327e-05 1.307175709581180638e-05 1.251842516048286730e-05 1.196195404434772539e-05 1.140489433376565208e-05 1.084968441934424518e-05 1.029863462542844842e-05 9.753913478179060951e-06 9.217536186085369088e-06 8.691355369690123174e-06 8.177054041484618536e-06 7.676140802986599059e-06 7.189947194500085145e-06 6.719627104446833665e-06 6.266158119838519890e-06 5.830344677716724624e-06 5.412822859421500635e-06 5.014066655461426116e-06 4.634395518561942080e-06 4.273983016094702818e-06 3.932866390390805244e-06 3.610956836200822135e-06 3.308050308511972426e-06 3.023838680747469604e-06 2.757921082699892653e-06 2.509815259008130740e-06 2.278968802181811202e-06 2.064770128709448717e-06 1.866559082264557465e-06 1.683637064069559878e-06 1.515276606734486803e-06 1.360730324028494870e-06
0.000000000000000000e+00 1.498564494332793200e-06 1.668765428275870550e-06 1.854179833435175009e-06 2.055630801976227162e-06 2.273919489559442202e-06 2.509815259008130740e-06 2.764045136694906216e-06 3.037282656030062784e-06 3.330136180211543567e-06 3.643136814300077337e-06 3.976726034353818124e-06 4.331243178402933426e-06 4.706912960048636834e-06 5.103833180002318148e-06 5.521962823498541734e-06 5.961110741787290319e-06 6.420925123415920687e-06 6.900883965358369086e-06 7.400286754886360818e-06 7.918247570104031138e-06 8.453689800047435016e-06 9.005342674021797118e-06 9.571739774334254289e-06 1.015121968679370963e-05 1.074192891940513755e-05 1.134182719180011880e-05 1.194869516643806690e-05 1.256014465790692318e-05 1.317363131926843254e-05 1.378646976494445451e-05 1.439585104881965343e-05 1.499886237480401275e-05 1.559250887587049439e-05 1.617373725740688391e-05 1.673946106246254181e-05 1.728658728098917972e-05 1.781204399330328493e-05 1.831280871052124869e-05 1.878593705235047189e-05 1.922859138598764168e-05 1.963806903949301224e-05 2.001182969927164414e-05 2.034752160445118017e-05 2.064300616110908702e-05 2.089638061642102486e-05 2.110599845667434276e-05 2.127048722335584936e-05 2.138876347767591245e-05 2.146004468528558366e-05 2.148385783881027171e-05 2.146004468528558366e-05 2.138876347767591245e-05 2.127048722335584936e-05 2.110599845667434276e-05 2.089638061642102486e-05 2.064300616110908702e-05 2.034752160445118017e-05 2.001182969927164414e-05 1.963806903949301224e-05 1.922859138598764168e-05 1.878593705235047189e-05 1.831280871052124869e-05 1.781204399330328493e-05 1.728658728098917972e-05 1.673946106246254181e-05 1.617373725740688391e-05 1.559250887587049439e-05 1.499886237480401275e-05 1.439585104881965343e-05 1.378646976494445451e-05 1.317363131926843254e-05 1.256014465790692318e-05 1.194869516643806690e-05 1.134182719180011880e-05 1.074192891940513755e-05 1.015121968679370963e-05 9.571739774334254289e-06 9.005342674021797118e-06 8.453689800047435016e-06 7.918247570104031138e-06 7.400286754886360818e-06 6.900883965358369086e-06 6.420925123415920687e-06 5.961110741787290319e-06 5.521962823498541734e-06 5.103833180002318148e-06 4.706912960048636834e-06 4.331243178402933426e-06 3.976726034353818124e-06 3.643136814300077337e-06 3.330136180211543567e-06 3.037282656030062784e-06 2.764045136694906216e-06 2.509815259008130740e-06 2.273919489559442202e-06 2.055630801976227162e-06 1.854179833435175009e-06 1.668765428275870550e-06 1.498564494332793200e-06
0.000000000000000000e+00 1.646703914908553855e-06 1.833729929007427582e-06 2.037473330116236640e-06 2.258838576532520765e-06 2.498706021532657970e-06 2.757921082699892653e-06 3.037282656030062784e-06 3.337530856551741099e-06 3.659334186730816191e-06 4.003276253603234423e-06 4.369842174997475274e-06 4.759404833939149233e-06 5.172211157916718274e-06 5.608368615654363158e-06 6.067832137904102383e-06 6.550391680055803688e-06 7.055660652610931030e-06 7.583065450342705407e-06 8.131836311885194232e-06 8.700999738226687088e-06 9.289372690868772243e-06 9.895558778073905250e-06 1.051794662057556381e-05 1.115471056638271120e-05 1.180381389799938652e-05 1.246301464473769721e-05 1.312987407818094959e-05 1.380176793071673478e-05 1.447590033598098339e-05 1.514932044670534276e-05 1.581894164060402229e-05 1.648156317940855812e-05 1.713389414085521857e-05 1.777257939928186738e-05 1.839422738845091358e-05 1.899543934122579076e-05 1.957283966570624954e-05 2.012310708723489289e-05 2.064300616110908702e-05 2.112941874255497101e-05 2.157937498911283858e-05 2.199008346647488956e-05 2.235895993228786209e-05 2.268365438360023760e-05 2.296207597244600055e-05 2.319241542028771221e-05 2.337316459529970535e-05 2.350313295619850220e-05 2.358146061181436271e-05 2.360762779599877981e-05 2.358146061181436271e-05 2.350313295619850220e-05 2.337316459529970535e-05 2.319241542028771221e-05 2.296207597244600055e-05 2.268365438360023760e-05 2.235895993228786209e-05 2.199008346647488956e-05 2.157937498911283858e-05 2.112941874255497101e-05 2.064300616110908702e-05 2.012310708723489289e-05 1.957283966570624954e-05 1.899543934122579076e-05 1.839422738845091358e-05 1.777257939928186738e-05 1.713389414085521857e-05 1.648156317940855812e-05 1.581894164060402229e-05 1.514932044670534276e-05 1.447590033598098339e-05 1.380176793071673478e-05 1.312987407818094959e-05 1.246301464473769721e-05 1.180381389799938652e-05 1.115471056638271120e-05 1.051794662057556381e-05 9.895558778073905250e-06 9.289372690868772243e-06 8.700999738226687088e-06 8.131836311885194232e-06 7.583065450342705407e-06 7.055660652610931030e-06 6.550391680055803688e-06 6.067832137904102383e-06 5.608368615654363158e-06 5.172211157916718274e-06 4.759404833939149233e-06 4.369842174997475274e-06 4.003276253603234423e-06 3.659334186730816191e-06 3.337530856551741099e-06 3.037282656030062784e-06 2.757921082699892653e-06 2.498706021532657970e-06 2.258838576532520765e-06 2.037473330116236640e-06 1.833729929007427582e-06 1.646703914908553855e-06
0.000000000000000000e+00 1.805478418100410856e-06 2.010537402306209612e-06 2.233925656989967439e-06 2.476634847940227346e-06 2.739630211728307727e-06 3.023838680747469604e-06 3.330136180211543567e-06 3.659334186730816191e-06 4.012165659499514324e-06 4.389270476700052086e-06 4.791180531019160487e-06 5.218304658707938528e-06 5.670913595900056859e-06 6.149125173409179454e-06 6.652889976429260552e-06 7.181977707936652990e-06 7.735964503634960260e-06 8.314221451521188632e-06 8.915904570160256839e-06 9.539946496172629575e-06 1.018505012298235855e-05 1.084968441934424518e-05 1.153208263747638965e-05 1.223024309678586517e-05 1.294193270032704721e-05 1.366469330753540040e-05 1.439585104881965343e-05 1.513252862578106468e-05 1.587166059578934779e-05 1.661001159211593754e-05 1.734419738164435959e-05 1.807070861226016951e-05 1.878593705235047189e-05 1.948620407643915424e-05 2.016779110488959992e-05 2.082697166285852775e-05 2.146004468528558366e-05 2.206336866159914800e-05 2.263339618687067569e-05 2.316670846611052303e-05 2.366004930589033081e-05 2.411035812297311458e-05 2.451480150343805786e-05 2.487080285803130883e-05 2.517606974009988906e-05 2.542861842122601015e-05 2.562679535614374032e-05 2.576929521207666740e-05 2.585517518750788784e-05 2.588386540065409442e-05 2.585517518750788784e-05 2.576929521207666740e-05 2.562679535614374032e-05 2.542861842122601015e-05 2.517606974009988906e-05 2.487080285803130883e-05 2.451480150343805786e-05 2.411035812297311458e-05 2.366004930589033081e-05 2.316670846611052303e-05 2.263339618687067569e-05 2.206336866159914800e-05 2.146004468528558366e-05 2.082697166285852775e-05 2.016779110488959992e-05 1.948620407643915424e-05 1.878593705235047189e-05 1.807070861226016951e-05 1.734419738164435959e-05 1.661001159211593754e-05 1.587166059578934779e-05 1.513252862578106468e-05 1.439585104881965343e-05 1.366469330753540040e-05 1.294193270032704721e-05 1.223024309678586517e-05 1.153208263747638965e-05 1.084968441934424518e-05 1.018505012298235855e-05 9.539946496172629575e-06 8.915904570160256839e-06 8.314221451521188632e-06 7.735964503634960260e-06 7.181977707936652990e-06 6.652889976429260552e-06 6.149125173409179454e-06 5.670913595900056859e-06 5.218304658707938528e-06 4.791180531019160487e-06 4.389270476700052086e-06 4.012165659499514324e-06 3.659334186730816191e-06 3.330136180211543567e-06 3.023838680747469604e-06 2.739630211728307727e-06 2.476634847940227346e-06 2.233925656989967439e-06 2.010537402306209612e-06 1.805478418100410856e-06
0.000000000000000000e+00 1.975175949707868033e-06 2.199508497698643449e-06 2.443893090544012139e-06 2.709414601037829524e-06 2.997128988665584282e-06 3.308050308511972426e-06 3.643136814300077337e-06 4.003276253603234423e-06 4.389270476700052086e-06 4.801819504141296895e-06 5.241505221388533918e-06 5.708774891351383101e-06 6.203924696744959359e-06 6.727083543341230244e-06 7.278197371819709289e-06 7.857014239461036640e-06 8.463070442819190604e-06 9.095677958237767112e-06 9.753913478179060951e-06 1.043660931741587367e-05 1.114234645388328837e-05 1.186944995418777107e-05 1.261598701332150258e-05 1.337976781205071347e-05 1.415834936388706887e-05 1.494904248679694842e-05 1.574892199327524394e-05 1.655484014666649468e-05 1.736344338234327078e-05 1.817119224035593382e-05 1.897438440236447397e-05 1.976918067105363523e-05 2.055163367589196482e-05 2.131771903614163499e-05 2.206336866159914800e-05 2.278450582478114657e-05 2.347708159626135945e-05 2.413711219864898150e-05 2.476071680521770422e-05 2.534415528727207510e-05 2.588386540065409442e-05 2.637649889686566261e-05 2.681895604844622037e-05 2.720841809164020096e-05 2.754237711195268296e-05 2.781866292965610646e-05 2.803546658220166884e-05 2.819136004814055824e-05 2.828531191172015393e-05 2.831669872777413773e-05 2.828531191172015393e-05 2.819136004814055824e-05 2.803546658220166884e-05 2.781866292965610646e-05 2.754237711195268296e-05 2.720841809164020096e-05 2.681895604844622037e-05 2.637649889686566261e-05 2.588386540065409442e-05 2.534415528727207510e-05 2.476071680521770422e-05 2.413711219864898150e-05 2.347708159626135945e-05 2.278450582478114657e-05 2.206336866159914800e-05 2.131771903614163499e-05 2.055163367589196482e-05 1.976918067105363523e-05 1.897438440236447397e-05 1.817119224035593382e-05 1.736344338234327078e-05 1.655484014666649468e-05 1.574892199327524394e-05 1.494904248679694842e-05 1.415834936388706887e-05 1.337976781205071347e-05 1.261598701332150258e-05 1.186944995418777107e-05 1.114234645388328837e-05 1.043660931741587367e-05 9.753913478179060951e-06 9.095677958237767112e-06 8.463070442819190604e-06 7.857014239461036640e-06 7.278197371819709289e-06 6.727083543341230244e-06 6.203924696744959359e-06 5.708774891351383101e-06 5.241505221388533918e-06 4.801819504141296895e-06 4.389270476700052086e-06 4.003276253603234423e-06 3.643136814300077337e-06 3.308050308511972426e-06 2.997128988665584282e-06 2.709414601037829524e-06 2.443893090544012139e-06 2.199508497698643449e-06 1.975175949707868033e-06
0.000000000000000000e+00 2.156035861953173530e-06 2.400909752070648448e-06 2.667671782238834297e-06 2.957506163236291351e-06 3.271565545043306675e-06 3.610956836200822135e-06 3.976726034353818124e-06 4.369842174997475274e-06 4.791180531019160487e-06 5.241505221388533918e-06 5.721451412771563705e-06 6.231507322368848603e-06 6.771996253304634960e-06 7.343058914798891706e-06 7.944636297509353928e-06 8.576453389208293208e-06 9.238004026756618423e-06 9.928537186592467255e-06 1.064704501715547461e-05 1.139225291239056820e-05 1.216261191537505809e-05 1.295629372495763982e-05 1.377118855597634317e-05 1.460490607515481035e-05 1.545477960032739384e-05 1.631787371052329251e-05 1.719099536910955001e-05 1.807070861226016951e-05 1.895335280123398679e-05 1.983506438018704267e-05 2.071180202251518532e-05 2.157937498911283858e-05 2.243347446261745263e-05 2.326970756390643597e-05 2.408363370206952422e-05 2.487080285803130883e-05 2.562679535614374032e-05 2.634726263853686169e-05 2.702796852483534134e-05 2.766483041591840704e-05 2.825395988546392512e-05 2.879170209763930687e-05 2.927467349384653292e-05 2.969979720605047982e-05 3.006433567884980054e-05 3.036592001679486912e-05 3.060257561700089175e-05 3.077274369911942102e-05 3.087529840428627803e-05 3.090955920065478090e-05 3.087529840428627803e-05 3.077274369911942102e-05 3.060257561700089175e-05 3.036592001679486912e-05 3.006433567884980054e-05 2.969979720605047982e-05 2.927467349384653292e-05 2.879170209763930687e-05 2.825395988546392512e-05 2.766483041591840704e-05 2.702796852483534134e-05 2.634726263853686169e-05 2.562679535614374032e-05 2.487080285803130883e-05 2.408363370206952422e-05 2.326970756390643597e-05 2.243347446261745263e-05 2.157937498911283858e-05 2.071180202251518532e-05 1.983506438018704267e-05 1.895335280123398679e-05 1.807070861226016951e-05 1.719099536910955001e-05 1.631787371052329251e-05 1.545477960032739384e-05 1.460490607515481035e-05 1.377118855597634317e-05 1.295629372495763982e-05 1.216261191537505809e-05 1.139225291239056820e-05 1.064704501715547461e-05 9.928537186592467255e-06 9.238004026756618423e-06 8.576453389208293208e-06 7.944636297509353928e-06 7.343058914798891706e-06 6.771996253304634960e-06 6.231507322368848603e-06 5.721451412771563705e-06 5.241505221388533918e-06 4.791180531019160487e-06 4.369842174997475274e-06 3.976726034353818124e-06 3.610956836200822135e-06 3.271565545043306675e-06 2.957506163236291351e-06 2.667671782238834297e-06 2.400909752070648448e-06 2.156035861953173530e-06
0.000000000000000000e+00 2.348242131543809409e-06 2.614946037464911580e-06 2.905489367189314020e-06 3.221161901509583849e-06 3.563219046838205051e-06 3.932866390390805244e-06 4.331243178402933426e-06 4.759404833939149233e-06 5.218304658707938528e-06 5.708774891351383101e-06 6.231507322368848603e-06 6.787033692544434893e-06 7.375706126827002257e-06 7.997677878381050586e-06 8.652884677299892003e-06 9.341026994567684335e-06 1.006155354361744306e-05 1.081364634864418390e-05 1.159620771014385780e-05 1.240784939348991364e-05 1.324688435535899825e-05 1.411132130522186206e-05 1.499886237480401275e-05 1.590690413741527927e-05 1.683254218152739046e-05 1.777257939928186738e-05 1.872353810123882645e-05 1.968167601429372771e-05 2.064300616110908702e-05 2.160332055759223299e-05 2.255821760098382852e-05 2.350313295619850220e-05 2.443337368345431551e-05 2.534415528727207510e-05 2.623064130697484489e-05 2.708798501321854662e-05 2.791137272514206201e-05 2.869606821966955881e-05 2.943745766944797654e-05 3.013109451983928889e-05 3.077274369911942102e-05 3.135842455017720672e-05 3.188445187695687508e-05 3.234747451481376104e-05 3.274451086077720743e-05 3.307298083712293817e-05 3.333073380908240126e-05 3.351607203416774301e-05 3.362776928545681716e-05 3.366508436305478091e-05 3.362776928545681716e-05 3.351607203416774301e-05 3.333073380908240126e-05 3.307298083712293817e-05 3.274451086077720743e-05 3.234747451481376104e-05 3.188445187695687508e-05 3.135842455017720672e-05 3.077274369911942102e-05 3.013109451983928889e-05 2.943745766944797654e-05 2.869606821966955881e-05 2.791137272514206201e-05 2.708798501321854662e-05 2.623064130697484489e-05 2.534415528727207510e-05 2.443337368345431551e-05 2.350313295619850220e-05 2.255821760098382852e-05 2.160332055759223299e-05 2.064300616110908702e-05 1.968167601429372771e-05 1.872353810123882645e-05 1.777257939928186738e-05 1.683254218152739046e-05 1.590690413741527927e-05 1.499886237480401275e-05 1.411132130522186206e-05 1.324688435535899825e-05 1.240784939348991364e-05 1.159620771014385780e-05 1.081364634864418390e-05 1.006155354361744306e-05 9.341026994567684335e-06 8.652884677299892003e-06 7.997677878381050586e-06 7.375706126827002257e-06 6.787033692544434893e-06 6.231507322368848603e-06 5.708774891351383101e-06 5.218304658707938528e-06 4.759404833939149233e-06 4.331243178402933426e-06 3.932866390390805244e-06 3.563219046838205051e-06 3.221161901509583849e-06 2.905489367189314020e-06 2.614946037464911580e-06 2.348242131543809409e-06
0.000000000000000000e+00 2.551916590001158227e-06 2.841753022537492906e-06 3.157496588023402417e-06 3.500548936211192677e-06 3.872274361015951141e-06 4.273983016094702818e-06 4.706912960048636834e-06 5.172211157916718274e-06 5.670913595900056859e-06 6.203924696744959359e-06 6.771996253304634960e-06 7.375706126827002257e-06 8.015436983769948245e-06 8.691355369690123174e-06 9.403391440239329066e-06 1.015121968679370963e-05 1.093424100702167605e-05 1.175156647809925618e-05 1.260200319170680245e-05 1.348404250487830118e-05 1.439585104881965343e-05 1.533526481869131654e-05 1.629978664092990328e-05 1.728658728098917972e-05 1.829251041360624791e-05 1.931408163021203515e-05 2.034752160445118017e-05 2.138876347767591245e-05 2.243347446261745263e-05 2.347708159626135945e-05 2.451480150343805786e-05 2.554167396208604834e-05 2.655259899093652837e-05 2.754237711195268296e-05 2.850575237470566074e-05 2.943745766944797654e-05 3.033226180137081824e-05 3.118501775174098201e-05 3.199071151352419557e-05 3.274451086077720743e-05 3.344181339341218182e-05 3.407829319257057852e-05 3.464994542722344708e-05 3.515312826992130982e-05 3.558460150876973754e-05 3.594156128335775725e-05 3.622167042390580090e-05 3.642308393446474563e-05 3.654446923148891121e-05 3.658502082721248904e-05 3.654446923148891121e-05 3.642308393446474563e-05 3.622167042390580090e-05 3.594156128335775725e-05 3.558460150876973754e-05 3.515312826992130982e-05 3.464994542722344708e-05 3.407829319257057852e-05 3.344181339341218182e-05 3.274451086077720743e-05 3.199071151352419557e-05 3.118501775174098201e-05 3.033226180137081824e-05 2.943745766944797654e-05 2.850575237470566074e-05 2.754237711195268296e-05 2.655259899093652837e-05 2.554167396208604834e-05 2.451480150343805786e-05 2.347708159626135945e-05 2.243347446261745263e-05 2.138876347767591245e-05 2.034752160445118017e-05 1.931408163021203515e-05 1.829251041360624791e-05 1.728658728098917972e-05 1.629978664092990328e-05 1.533526481869131654e-05 1.439585104881965343e-05 1.348404250487830118e-05 1.260200319170680245e-05 1.175156647809925618e-05 1.093424100702167605e-05 1.015121968679370963e-05 9.403391440239329066e-06 8.691355369690123174e-06 8.015436983769948245e-06 7.375706126827002257e-06 6.771996253304634960e-06 6.203924696744959359e-06 5.670913595900056859e-06 5.172211157916718274e-06 4.706912960048636834e-06 4.273983016094702818e-06 3.872274361015951141e-06 3.500548936211192677e-06 3.157496588023402417e-06 2.841753022537492906e-06 2.551916590001158227e-06
0.000000000000000000e+00 2.767112261305064054e-06 3.081389753518802006e-06 3.423759051523109283e-06 3.795740002099359910e-06 4.198811946083079811e-06 4.634395518561942080e-06 5.103833180002318148e-06 5.608368615654363158e-06 6.149125173409179454e-06 6.727083543341230244e-06 7.343058914798891706e-06 7.997677878381050586e-06 8.691355369690123174e-06 9.424271978583055465e-06 1.019635197094177226e-05 1.100724238895105989e-05 1.185629360972983778e-05 1.274254175018910816e-05 1.366469330753540040e-05 1.462111241934847605e-05 1.560981111419950708e-05 1.662844290304238404e-05 1.767430003296193935e-05 1.874431468832747497e-05 1.983506438018704267e-05 2.094278171324648541e-05 2.206336866159914800e-05 2.319241542028771221e-05 2.432522383075011278e-05 2.545683530535955067e-05 2.658206310089172703e-05 2.769552871424861939e-05 2.879170209763930687e-05 2.986494531623291944e-05 3.090955920065478090e-05 3.191983248117887147e-05 3.289009283161964815e-05 3.381475920018974006e-05 3.468839476328873273e-05 3.550575980747561682e-05 3.626186382570782013e-05 3.695201610702647369e-05 3.757187410470095055e-05 3.811748888661156058e-05 3.858534700326025007e-05 3.897240815287830848e-05 3.927613807898602447e-05 3.949453620251556021e-05 3.962615756704360366e-05 3.967012876037408534e-05 3.962615756704360366e-05 3.949453620251556021e-05 3.927613807898602447e-05 3.897240815287830848e-05 3.858534700326025007e-05 3.811748888661156058e-05 3.757187410470095055e-05 3.695201610702647369e-05 3.626186382570782013e-05 3.550575980747561682e-05 3.468839476328873273e-05 3.381475920018974006e-05 3.289009283161964815e-05 3.191983248117887147e-05 3.090955920065478090e-05 2.986494531623291944e-05 2.879170209763930687e-05 2.769552871424861939e-05 2.658206310089172703e-05 2.545683530535955067e-05 2.432522383075011278e-05 2.319241542028771221e-05 2.206336866159914800e-05 2.094278171324648541e-05 1.983506438018704267e-05 1.874431468832747497e-05 1.767430003296193935e-05 1.662844290304238404e-05 1.560981111419950708e-05 1.462111241934847605e-05 1.366469330753540040e-05 1.274254175018910816e-05 1.185629360972983778e-05 1.100724238895105989e-05 1.019635197094177226e-05 9.424271978583055465e-06 8.691355369690123174e-06 7.997677878381050586e-06 7.343058914798891706e-06 6.727083543341230244e-06 6.149125173409179454e-06 5.608368615654363158e-06 5.103833180002318148e-06 4.634395518561942080e-06 4.198811946083079811e-06 3.795740002099359910e-06 3.423759051523109283e-06 3.081389753518802006e-06 2.767112261305064054e-06
0.000000000000000000e+00 2.993806908745124824e-06 3.333831468142229928e-06 3.704249244117857809e-06 4.106704596338200929e-06 4.542798060088983456e-06 5.014066655461426116e-06 5.521962823498541734e-06 6.067832137904102383e-06 6.652889976429260552e-06 7.278197371819709289e-06 7.944636297509353928e-06 8.652884677299892003e-06 9.403391440239329066e-06 1.019635197094177226e-05 1.103168433079957400e-05 1.190900664605918854e-05 1.282761607372554045e-05 1.378646976494445451e-05 1.478416824718506183e-05 1.581894164060402229e-05 1.688863910994929763e-05 1.799072193092848205e-05 1.912226051897145107e-05 2.027993572878785373e-05 2.146004468528558366e-05 2.265851135070594169e-05 2.387090196988724442e-05 2.509244546623383960e-05 2.631805878628302913e-05 2.754237711195268296e-05 2.875978877800034058e-05 2.996447464945314722e-05 3.115045163140244710e-05 3.231161990329396938e-05 3.344181339341218182e-05 3.453485293837343868e-05 3.558460150876973754e-05 3.658502082721248904e-05 3.753022866034089395e-05 3.841455603313037516e-05 3.923260359309671427e-05 3.997929634452252075e-05 4.064993597914418912e-05 4.124025005004026918e-05 4.174643726966349467e-05 4.216520826064845944e-05 4.249382114849169977e-05 4.273011145742601751e-05 4.287251585350813562e-05 4.292008937057117409e-05 4.287251585350813562e-05 4.273011145742601751e-05 4.249382114849169977e-05 4.216520826064845944e-05 4.174643726966349467e-05 4.124025005004026918e-05 4.064993597914418912e-05 3.997929634452252075e-05 3.923260359309671427e-05 3.841455603313037516e-05 3.753022866034089395e-05 3.658502082721248904e-05 3.558460150876973754e-05 3.453485293837343868e-05 3.344181339341218182e-05 3.231161990329396938e-05 3.115045163140244710e-05 2.996447464945314722e-05 2.875978877800034058e-05 2.754237711195268296e-05 2.631805878628302913e-05 2.509244546623383960e-05 2.387090196988724442e-05 2.265851135070594169e-05 2.146004468528558366e-05 2.027993572878785373e-05 1.912226051897145107e-05 1.799072193092848205e-05 1.688863910994929763e-05 1.581894164060402229e-05 1.478416824718506183e-05 1.378646976494445451e-05 1.282761607372554045e-05 1.190900664605918854e-05 1.103168433079957400e-05 1.019635197094177226e-05 9.403391440239329066e-06 8.652884677299892003e-06 7.944636297509353928e-06 7.278197371819709289e-06 6.652889976429260552e-06 6.067832137904102383e-06 5.521962823498541734e-06 5.014066655461426116e-06 4.542798060088983456e-06 4.106704596338200929e-06 3.704249244117857809e-06 3.333831468142229928e-06 2.993806908745124824e-06
