0.000000000000000000e+00 0.000000000000000000e+00 0.000000000000000000e+00 0.000000000000000000e+00 0.000000000000000000e+00 0.000000000000000000e+00 0.000000000000000000e+00 0.000000000000000000e+00 0.000000000000000000e+00 0.000000000000000000e+00 0.000000000000000000e+00 0.000000000000000000e+00 0.000000000000000000e+00 0.000000000000000000e+00 0.000000000000000000e+00 0.000000000000000000e+00 0.000000000000000000e+00 0.000000000000000000e+00 0.000000000000000000e+00 0.000000000000000000e+00 0.000000000000000000e+00 0.000000000000000000e+00 0.000000000000000000e+00 0.000000000000000000e+00 0.000000000000000000e+00 0.000000000000000000e+00 0.000000000000000000e+00 0.000000000000000000e+00 0.000000000000000000e+00 0.000000000000000000e+00 0.000000000000000000e+00 0.000000000000000000e+00 0.000000000000000000e+00 0.000000000000000000e+00 0.000000000000000000e+00 0.000000000000000000e+00 0.000000000000000000e+00 0.000000000000000000e+00 0.000000000000000000e+00 0.000000000000000000e+00 0.000000000000000000e+00 0.000000000000000000e+00 0.000000000000000000e+00 0.000000000000000000e+00 0.000000000000000000e+00 0.000000000000000000e+00 0.000000000000000000e+00 0.000000000000000000e+00 0.000000000000000000e+00 0.000000000000000000e+00 0.000000000000000000e+00 0.000000000000000000e+00 0.000000000000000000e+00 0.000000000000000000e+00 0.000000000000000000e+00 0.000000000000000000e+00 0.000000000000000000e+00 0.000000000000000000e+00 0.000000000000000000e+00 0.000000000000000000e+00 0.000000000000000000e+00 0.000000000000000000e+00 0.000000000000000000e+00 0.000000000000000000e+00 0.000000000000000000e+00 0.000000000000000000e+00 0.000000000000000000e+00 0.000000000000000000e+00 0.000000000000000000e+00 0.000000000000000000e+00 0.000000000000000000e+00 0.000000000000000000e+00 0.000000000000000000e+00 0.000000000000000000e+00 0.000000000000000000e+00 0.000000000000000000e+00 0.000000000000000000e+00 0.000000000000000000e+00 0.000000000000000000e+00 0.000000000000000000e+00 0.000000000000000000e+00 0.000000000000000000e+00 0.000000000000000000e+00 0.000000000000000000e+00 0.000000000000000000e+00 0.000000000000000000e+00 0.000000000000000000e+00 0.000000000000000000e+00 0.000000000000000000e+00 0.000000000000000000e+00 0.000000000000000000e+00 0.000000000000000000e+00 0.000000000000000000e+00 0.000000000000000000e+00 0.000000000000000000e+00 0.000000000000000000e+00 0.000000000000000000e+00 0.000000000000000000e+00 0.000000000000000000e+00 0.000000000000000000e+00
0.000000000000000000e+00 5.958091555133325037e-07 6.634787653991284125e-07 7.371970475122768365e-07 8.172912522646907255e-07 9.040799084078976264e-07 9.978689042875628905e-07 1.098947295844048332e-06 1.207582870932939240e-06 1.324017506606967848e-06 1.448462363119103351e-06 1.581092965432327298e-06 1.722044229798793595e-06 1.871405499334182799e-06 2.029215658290380081e-06 2.195458399746424448e-06 2.370057725521557825e-06 2.552873760098042631e-06 2.743698962069887343e-06 2.942254816966311041e-06 3.148189094116816667e-06 3.361073747433517444e-06 3.580403535522155860e-06 3.805595430364569945e-06 4.035988875948723878e-06 4.270846948702436261e-06 4.509358460500065441e-06 4.750641032484467766e-06 4.993745154148125141e-06 5.237659227253956001e-06 5.481315578492216679e-06 5.723597408539818810e-06 5.963346628715809216e-06 6.199372520034786525e-06 6.430461133486662811e-06 6.655385335160125338e-06 6.872915385720072971e-06 7.081829931077744867e-06 7.280927270167809151e-06 7.469036756853730340e-06 7.645030186369826113e-06 7.807833012580680813e-06 7.956435240852447710e-06 8.089901842586354267e-06 8.207382541505464009e-06 8.308120828592178392e-06 8.391462072064962021e-06 8.456860600816020203e-06 8.503885654105495267e-06 8.532226106765693075e-06 8.541693897404874217e-06 8.532226106765693075e-06 8.503885654105495267e-06 8.456860600816020203e-06 8.391462072064962021e-06 8.308120828592178392e-06 8.207382541505464009e-06 8.089901842586354267e-06 7.956435240852447710e-06 7.807833012580680813e-06 7.645030186369826113e-06 7.469036756853730340e-06 7.280927270167809151e-06 7.081829931077744867e-06 6.872915385720072971e-06 6.655385335160125338e-06 6.430461133486662811e-06 6.199372520034786525e-06 5.963346628715809216e-06 5.723597408539818810e-06 5.481315578492216679e-06 5.237659227253956001e-06 4.993745154148125141e-06 4.750641032484467766e-06 4.509358460500065441e-06 4.270846948702436261e-06 4.035988875948723878e-06 3.805595430364569945e-06 3.580403535522155860e-06 3.361073747433517444e-06 3.148189094116816667e-06 2.942254816966311041e-06 2.743698962069887343e-06 2.552873760098042631e-06 2.370057725521557825e-06 2.195458399746424448e-06 2.029215658290380081e-06 1.871405499334182799e-06 1.722044229798793595e-06 1.581092965432327298e-06 1.448462363119103351e-06 1.324017506606967848e-06 1.207582870932939240e-06 1.098947295844048332e-06 9.978689042875628905e-07 9.040799084078976264e-07 8.172912522646907255e-07 7.371970475122768365e-07 6.634787653991284125e-07 5.958091555133325037e-07
0.000000000000000000e+00 6.634787653991284125e-07 7.388340176751467407e-07 8.209249260661672991e-07 9.101159087709763556e-07 1.006761671756832220e-06 1.111202844938623670e-06 1.223761314068971666e-06 1.344735281272113772e-06 1.474394095024553885e-06 1.612972898312338530e-06 1.760667151518475528e-06 1.917627094140935158e-06 2.083952216527494600e-06 2.259685819247121499e-06 2.444809743304301834e-06 2.639239358950269231e-06 2.842818904168011615e-06 3.055317265832553392e-06 3.276424296918617527e-06 3.505747761811432245e-06 3.742810998668366444e-06 3.987051382807690326e-06 4.237819668231581441e-06 4.494380275630311342e-06 4.755912584613378463e-06 5.021513275567226723e-06 5.290199752589576148e-06 5.560914663584650857e-06 5.832531517052268220e-06 6.103861377638135237e-06 6.373660604439424056e-06 6.640639577716065023e-06 6.903472341404665323e-06 7.160807071044309179e-06 7.411277259784729728e-06 7.653513499438307808e-06 7.886155719426360782e-06 8.107865734305059251e-06 8.317339940653419437e-06 8.513321996741652774e-06 8.694615313801880700e-06 8.860095186067967825e-06 9.008720388149892309e-06 9.139544072807643488e-06 9.251723809769100989e-06 9.344530616805345535e-06 9.417356847676685821e-06 9.469722817569252110e-06 9.501282064968935532e-06 9.511825169226756927e-06 9.501282064968935532e-06 9.469722817569252110e-06 9.417356847676685821e-06 9.344530616805345535e-06 9.251723809769100989e-06 9.139544072807643488e-06 9.008720388149892309e-06 8.860095186067967825e-06 8.694615313801880700e-06 8.513321996741652774e-06 8.317339940653419437e-06 8.107865734305059251e-06 7.886155719426360782e-06 7.653513499438307808e-06 7.411277259784729728e-06 7.160807071044309179e-06 6.903472341404665323e-06 6.640639577716065023e-06 6.373660604439424056e-06 6.103861377638135237e-06 5.832531517052268220e-06 5.560914663584650857e-06 5.290199752589576148e-06 5.021513275567226723e-06 4.755912584613378463e-06 4.494380275630311342e-06 4.237819668231581441e-06 3.987051382807690326e-06 3.742810998668366444e-06 3.505747761811432245e-06 3.276424296918617527e-06 3.055317265832553392e-06 2.842818904168011615e-06 2.639239358950269231e-06 2.444809743304301834e-06 2.259685819247121499e-06 2.083952216527494600e-06 1.917627094140935158e-06 1.760667151518475528e-06 1.612972898312338530e-06 1.474394095024553885e-06 1.344735281272113772e-06 1.223761314068971666e-06 1.111202844938623670e-06 1.006761671756832220e-06 9.101159087709763556e-07 8.209249260661672991e-07 7.388340176751467407e-07 6.634787653991284125e-07
0.000000000000000000e+00 7.371970475122768365e-07 8.209249260661672991e-07 9.121368509226559120e-07 1.011237730323294919e-06 1.118621681164410740e-06 1.234667180317677343e-06 1.359731877852461786e-06 1.494147108751906925e-06 1.638212148459309611e-06 1.792188266398942320e-06 1.956292640308478597e-06 2.130692202605496920e-06 2.315497497883828298e-06 2.510756637783613362e-06 2.716449445686428778e-06 2.932481888739718351e-06 3.158680898406785760e-06 3.394789682877165441e-06 3.640463635083904575e-06 3.895266938611741517e-06 4.158669970326708025e-06 4.430047593033985606e-06 4.708678423838341216e-06 4.993745154148125141e-06 5.284335985484530741e-06 5.579447231540175162e-06 5.877987121431295267e-06 6.178780822015007016e-06 6.480576678752707086e-06 6.782053655194437216e-06 7.081829931077744867e-06 7.378472598652791857e-06 7.670508376563740633e-06 7.956435240852447710e-06 8.234734853829819777e-06 8.503885654105495267e-06 8.762376455387914820e-06 9.008720388149892309e-06 9.241469007251655466e-06 9.459226380431057162e-06 9.660662967463517307e-06 9.844529097955096063e-06 1.000966785728644858e-05 1.015502719522449490e-05 1.027967108014060931e-05 1.038278953351718304e-05 1.046370739431338335e-05 1.052189168054550478e-05 1.055695743580107862e-05 1.056867197096906487e-05 1.055695743580107862e-05 1.052189168054550478e-05 1.046370739431338335e-05 1.038278953351718304e-05 1.027967108014060931e-05 1.015502719522449490e-05 1.000966785728644858e-05 9.844529097955096063e-06 9.660662967463517307e-06 9.459226380431057162e-06 9.241469007251655466e-06 9.008720388149892309e-06 8.762376455387914820e-06 8.503885654105495267e-06 8.234734853829819777e-06 7.956435240852447710e-06 7.670508376563740633e-06 7.378472598652791857e-06 7.081829931077744867e-06 6.782053655194437216e-06 6.480576678752707086e-06 6.178780822015007016e-06 5.877987121431295267e-06 5.579447231540175162e-06 5.284335985484530741e-06 4.993745154148125141e-06 4.708678423838341216e-06 4.430047593033985606e-06 4.158669970326708025e-06 3.895266938611741517e-06 3.640463635083904575e-06 3.394789682877165441e-06 3.158680898406785760e-06 2.932481888739718351e-06 2.716449445686428778e-06 2.510756637783613362e-06 2.315497497883828298e-06 2.130692202605496920e-06 1.956292640308478597e-06 1.792188266398942320e-06 1.638212148459309611e-06 1.494147108751906925e-06 1.359731877852461786e-06 1.234667180317677343e-06 1.118621681164410740e-06 1.011237730323294919e-06 9.121368509226559120e-07 8.209249260661672991e-07 7.371970475122768365e-07
0.000000000000000000e+00 8.172912522646907255e-07 9.101159087709763556e-07 1.011237730323294919e-06 1.121105617205371285e-06 1.240156505909052154e-06 1.368809993660675389e-06 1.507462588115900145e-06 1.656481622790515284e-06 1.816198888489500195e-06 1.986904040761075013e-06 2.168837853039947216e-06 2.362185394440361602e-06 2.567069219888207850e-06 2.783542668206197352e-06 3.011583370648013365e-06 3.251087077979238394e-06 3.501861918295932150e-06 3.763623200142734940e-06 4.035988875948723878e-06 4.318475779177913920e-06 4.610496744762501805e-06 4.911358716263207714e-06 5.220261934739338639e-06 5.536300293520210308e-06 5.858462930010714859e-06 6.185637110455585834e-06 6.516612446403351204e-06 6.850086462682967835e-06 7.184671516317956283e-06 7.518903044288001101e-06 7.851249095784948188e-06 8.180121082013987760e-06 8.503885654105495267e-06 8.820877597791680670e-06 9.129413612636834980e-06 9.427806824258710915e-06 9.714381860596598718e-06 9.987490308296250282e-06 1.024552635308302255e-05 1.048694239892346600e-05 1.071026445511352793e-05 1.091410707839265216e-05 1.109718765890611365e-05 1.125833984438034529e-05 1.139652590621278973e-05 1.151084786419693851e-05 1.160055720310961646e-05 1.166506303410453813e-05 1.170393857643225366e-05 1.171692586002142464e-05 1.170393857643225366e-05 1.166506303410453813e-05 1.160055720310961646e-05 1.151084786419693851e-05 1.139652590621278973e-05 1.125833984438034529e-05 1.109718765890611365e-05 1.091410707839265216e-05 1.071026445511352793e-05 1.048694239892346600e-05 1.024552635308302255e-05 9.987490308296250282e-06 9.714381860596598718e-06 9.427806824258710915e-06 9.129413612636834980e-06 8.820877597791680670e-06 8.503885654105495267e-06 8.180121082013987760e-06 7.851249095784948188e-06 7.518903044288001101e-06 7.184671516317956283e-06 6.850086462682967835e-06 6.516612446403351204e-06 6.185637110455585834e-06 5.858462930010714859e-06 5.536300293520210308e-06 5.220261934739338639e-06 4.911358716263207714e-06 4.610496744762501805e-06 4.318475779177913920e-06 4.035988875948723878e-06 3.763623200142734940e-06 3.501861918295932150e-06 3.251087077979238394e-06 3.011583370648013365e-06 2.783542668206197352e-06 2.567069219888207850e-06 2.362185394440361602e-06 2.168837853039947216e-06 1.986904040761075013e-06 1.816198888489500195e-06 1.656481622790515284e-06 1.507462588115900145e-06 1.368809993660675389e-06 1.240156505909052154e-06 1.121105617205371285e-06 1.011237730323294919e-06 9.101159087709763556e-07 8.172912522646907255e-07
0.000000000000000000e+00 9.040799084078976264e-07 1.006761671756832220e-06 1.118621681164410740e-06 1.240156505909052154e-06 1.371849481034943883e-06 1.514164761053596023e-06 1.667540959010257516e-06 1.832384415790615817e-06 2.009062155267425666e-06 2.197894591688094971e-06 2.399148066365091223e-06 2.613027301014683789e-06 2.839667864745030696e-06 3.079128760460925280e-06 3.331385244065254817e-06 3.596321996033865164e-06 3.873726769468412481e-06 4.163284641354389369e-06 4.464572994256502404e-06 4.777057353889860795e-06 5.100088203770286015e-06 5.432898891372859249e-06 5.774604730867588484e-06 6.124203395564242832e-06 6.480576678752707086e-06 6.842493684802142410e-06 7.208615493373783022e-06 7.577501318664433602e-06 7.947616163044300051e-06 8.317339940653419437e-06 8.684978021893735445e-06 9.048773124758220695e-06 9.406918454065395086e-06 9.757571965429584853e-06 1.009887160771598511e-05 1.042895137632370658e-05 1.074595799041192438e-05 1.104806799060774050e-05 1.133350504024009028e-05 1.160055720310961646e-05 1.184759396454112233e-05 1.207308276020992590e-05 1.227560477913919665e-05 1.245386981339664178e-05 1.260672993734700187e-05 1.273319181371840016e-05 1.283242744199995381e-05 1.290378318649870654e-05 1.294678694635733625e-05 1.296115335750542095e-05 1.294678694635733625e-05 1.290378318649870654e-05 1.283242744199995381e-05 1.273319181371840016e-05 1.260672993734700187e-05 1.245386981339664178e-05 1.227560477913919665e-05 1.207308276020992590e-05 1.184759396454112233e-05 1.160055720310961646e-05 1.133350504024009028e-05 1.104806799060774050e-05 1.074595799041192438e-05 1.042895137632370658e-05 1.009887160771598511e-05 9.757571965429584853e-06 9.406918454065395086e-06 9.048773124758220695e-06 8.684978021893735445e-06 8.317339940653419437e-06 7.947616163044300051e-06 7.577501318664433602e-06 7.208615493373783022e-06 6.842493684802142410e-06 6.480576678752707086e-06 6.124203395564242832e-06 5.774604730867588484e-06 5.432898891372859249e-06 5.100088203770286015e-06 4.777057353889860795e-06 4.464572994256502404e-06 4.163284641354389369e-06 3.873726769468412481e-06 3.596321996033865164e-06 3.331385244065254817e-06 3.079128760460925280e-06 2.839667864745030696e-06 2.613027301014683789e-06 2.399148066365091223e-06 2.197894591688094971e-06 2.009062155267425666e-06 1.832384415790615817e-06 1.667540959010257516e-06 1.514164761053596023e-06 1.371849481034943883e-06 1.240156505909052154e-06 1.118621681164410740e-06 1.006761671756832220e-06 9.040799084078976264e-07
0.000000000000000000e+00 9.978689042875628905e-07 1.111202844938623670e-06 1.234667180317677343e-06 1.368809993660675389e-06 1.514164761053596023e-06 1.671243788266661647e-06 1.840531189939295961e-06 2.022475460646588143e-06 2.217481699214811099e-06 2.425903559575446474e-06 2.648035013213936119e-06 2.884102019619923366e-06 3.134254211802782490e-06 3.398556713612090943e-06 3.676982214005045959e-06 3.969403430242433968e-06 4.275586096992264950e-06 4.595182621214915151e-06 4.927726543261012032e-06 5.272627942633396055e-06 5.629169922190172643e-06 5.996506297088721163e-06 6.373660604439424056e-06 6.759526536462604450e-06 7.152869883997978313e-06 7.552332058647528443e-06 7.956435240852447710e-06 8.363589178094811978e-06 8.772099632521666187e-06 9.180178451020768902e-06 9.585955203595323998e-06 9.987490308296250282e-06 1.038278953351718304e-05 1.076981974170504072e-05 1.114652571306306787e-05 1.151084786419693851e-05 1.186074065543171362e-05 1.219419146223107971e-05 1.250923967125643164e-05 1.280399575052769959e-05 1.307666003623504144e-05 1.332554097626101927e-05 1.354907257257637504e-05 1.374583077144014933e-05 1.391454856173394792e-05 1.405412955765620681e-05 1.416365986215549143e-05 1.424241803155556052e-05 1.428988298938871209e-05 1.430573976799595663e-05 1.428988298938871209e-05 1.424241803155556052e-05 1.416365986215549143e-05 1.405412955765620681e-05 1.391454856173394792e-05 1.374583077144014933e-05 1.354907257257637504e-05 1.332554097626101927e-05 1.307666003623504144e-05 1.280399575052769959e-05 1.250923967125643164e-05 1.219419146223107971e-05 1.186074065543171362e-05 1.151084786419693851e-05 1.114652571306306787e-05 1.076981974170504072e-05 1.038278953351718304e-05 9.987490308296250282e-06 9.585955203595323998e-06 9.180178451020768902e-06 8.772099632521666187e-06 8.363589178094811978e-06 7.956435240852447710e-06 7.552332058647528443e-06 7.152869883997978313e-06 6.759526536462604450e-06 6.373660604439424056e-06 5.996506297088721163e-06 5.629169922190172643e-06 5.272627942633396055e-06 4.927726543261012032e-06 4.595182621214915151e-06 4.275586096992264950e-06 3.969403430242433968e-06 3.676982214005045959e-06 3.398556713612090943e-06 3.134254211802782490e-06 2.884102019619923366e-06 2.648035013213936119e-06 2.425903559575446474e-06 2.217481699214811099e-06 2.022475460646588143e-06 1.840531189939295961e-06 1.671243788266661647e-06 1.514164761053596023e-06 1.368809993660675389e-06 1.234667180317677343e-06 1.111202844938623670e-06 9.978689042875628905e-07
0.000000000000000000e+00 1.098947295844048332e-06 1.223761314068971666e-06 1.359731877852461786e-06 1.507462588115900145e-06 1.667540959010257516e-06 1.840531189939295961e-06 2.026966433576264813e-06 2.227340614422045590e-06 2.442099865488465395e-06 2.671633663820056432e-06 2.916265758526133263e-06 3.176244997495484456e-06 3.451736170702333932e-06 3.742810998668366444e-06 4.049439403898930266e-06 4.371481210644013352e-06 4.708678423838341216e-06 5.060648241262804109e-06 5.426876953583331492e-06 5.806714884742956337e-06 6.199372520034786525e-06 6.603917960949317604e-06 7.019275834511785857e-06 7.444227770315387172e-06 7.877414540897100190e-06 8.317339940653419437e-06 8.762376455387914820e-06 9.210772749131744232e-06 9.660662967463517307e-06 1.011007782762593376e-05 1.055695743580107862e-05 1.099916574152294268e-05 1.143450650897169487e-05 1.186074065543171362e-05 1.227560477913919665e-05 1.267683067272539880e-05 1.306216559508907640e-05 1.342939305438224915e-05 1.377635383839034707e-05 1.410096701639093701e-05 1.440125062896154219e-05 1.467534177946587146e-05 1.492151584326419822e-05 1.513820451814666359e-05 1.532401245204208400e-05 1.547773220156118334e-05 1.559835729712762332e-05 1.568509321696233354e-05 1.573736610254276044e-05 1.575482908179420038e-05 1.573736610254276044e-05 1.568509321696233354e-05 1.559835729712762332e-05 1.547773220156118334e-05 1.532401245204208400e-05 1.513820451814666359e-05 1.492151584326419822e-05 1.467534177946587146e-05 1.440125062896154219e-05 1.410096701639093701e-05 1.377635383839034707e-05 1.342939305438224915e-05 1.306216559508907640e-05 1.267683067272539880e-05 1.227560477913919665e-05 1.186074065543171362e-05 1.143450650897169487e-05 1.099916574152294268e-05 1.055695743580107862e-05 1.011007782762593376e-05 9.660662967463517307e-06 9.210772749131744232e-06 8.762376455387914820e-06 8.317339940653419437e-06 7.877414540897100190e-06 7.444227770315387172e-06 7.019275834511785857e-06 6.603917960949317604e-06 6.199372520034786525e-06 5.806714884742956337e-06 5.426876953583331492e-06 5.060648241262804109e-06 4.708678423838341216e-06 4.371481210644013352e-06 4.049439403898930266e-06 3.742810998668366444e-06 3.451736170702333932e-06 3.176244997495484456e-06 2.916265758526133263e-06 2.671633663820056432e-06 2.442099865488465395e-06 2.227340614422045590e-06 2.026966433576264813e-06 1.840531189939295961e-06 1.667540959010257516e-06 1.507462588115900145e-06 1.359731877852461786e-06 1.223761314068971666e-06 1.098947295844048332e-06
0.000000000000000000e+00 1.207582870932939240e-06 1.344735281272113772e-06 1.494147108751906925e-06 1.656481622790515284e-06 1.832384415790615817e-06 2.022475460646588143e-06 2.227340614422045590e-06 2.447522628137943331e-06 2.683511736935932043e-06 2.935735919309038775e-06 3.204550928331481331e-06 3.490230211555375850e-06 3.792954849138926903e-06 4.112803651479866655e-06 4.449743567796342369e-06 4.803620565374256433e-06 5.174151145248015976e-06 5.560914663584650857e-06 5.963346628715809216e-06 6.380733141366237142e-06 6.812206639970432752e-06 7.256743103920864245e-06 7.713160855088747130e-06 8.180121082013987760e-06 8.656130191866217343e-06 9.139544072807643488e-06 9.628574323999363933e-06 1.012129648252560483e-05 1.061566024638605460e-05 1.110950166091725260e-05 1.160055720310961646e-05 1.208647966489960929e-05 1.256485570329382864e-05 1.303322489280670241e-05 1.348910008486400499e-05 1.392998885023224758e-05 1.435341575485124932e-05 1.475694519730558710e-05 1.513820451814666359e-05 1.549490707787364653e-05 1.582487499201608072e-05 1.612606120874825235e-05 1.639657061701110067e-05 1.663467988130683887e-05 1.683885571312706639e-05 1.700777130821099053e-05 1.714032070321978415e-05 1.723563083454556760e-05 1.729307111533053175e-05 1.731226038373243807e-05 1.729307111533053175e-05 1.723563083454556760e-05 1.714032070321978415e-05 1.700777130821099053e-05 1.683885571312706639e-05 1.663467988130683887e-05 1.639657061701110067e-05 1.612606120874825235e-05 1.582487499201608072e-05 1.549490707787364653e-05 1.513820451814666359e-05 1.475694519730558710e-05 1.435341575485124932e-05 1.392998885023224758e-05 1.348910008486400499e-05 1.303322489280670241e-05 1.256485570329382864e-05 1.208647966489960929e-05 1.160055720310961646e-05 1.110950166091725260e-05 1.061566024638605460e-05 1.012129648252560483e-05 9.628574323999363933e-06 9.139544072807643488e-06 8.656130191866217343e-06 8.180121082013987760e-06 7.713160855088747130e-06 7.256743103920864245e-06 6.812206639970432752e-06 6.380733141366237142e-06 5.963346628715809216e-06 5.560914663584650857e-06 5.174151145248015976e-06 4.803620565374256433e-06 4.449743567796342369e-06 4.112803651479866655e-06 3.792954849138926903e-06 3.490230211555375850e-06 3.204550928331481331e-06 2.935735919309038775e-06 2.683511736935932043e-06 2.447522628137943331e-06 2.227340614422045590e-06 2.022475460646588143e-06 1.832384415790615817e-06 1.656481622790515284e-06 1.494147108751906925e-06 1.344735281272113772e-06 1.207582870932939240e-06
0.000000000000000000e+00 1.324017506606967848e-06 1.474394095024553885e-06 1.638212148459309611e-06 1.816198888489500195e-06 2.009062155267425666e-06 2.217481699214811099e-06 2.442099865488465395e-06 2.683511736935932043e-06 2.942254816966311041e-06 3.218798349580038253e-06 3.513532389414051278e-06 3.826756749719155598e-06 4.158669970326708025e-06 4.509358460500065441e-06 4.878785982714790733e-06 5.266783652486879311e-06 5.673040635998971027e-06 6.097095731115539008e-06 6.538330018117520722e-06 6.995960763859928694e-06 7.469036756853730340e-06 7.956435240852447710e-06 8.456860600816020203e-06 8.968844937642968585e-06 9.490750646906501173e-06 1.002077509219262685e-05 1.055695743580107862e-05 1.109718765890611365e-05 1.163921777024552284e-05 1.218067516755168900e-05 1.271907807987253003e-05 1.325185298232412397e-05 1.377635383839034707e-05 1.428988298938871209e-05 1.478971347691904028e-05 1.527311255276292103e-05 1.573736610254276044e-05 1.617980368517270853e-05 1.659782387037182726e-05 1.698891954181438378e-05 1.735070282431957434e-05 1.768092929018028560e-05 1.797752110252124537e-05 1.823858876255629382e-05 1.846245114273991616e-05 1.864765350889907434e-05 1.879298326117207691e-05 1.889748315552288943e-05 1.896046180417244905e-05 1.898150129381300235e-05 1.896046180417244905e-05 1.889748315552288943e-05 1.879298326117207691e-05 1.864765350889907434e-05 1.846245114273991616e-05 1.823858876255629382e-05 1.797752110252124537e-05 1.768092929018028560e-05 1.735070282431957434e-05 1.698891954181438378e-05 1.659782387037182726e-05 1.617980368517270853e-05 1.573736610254276044e-05 1.527311255276292103e-05 1.478971347691904028e-05 1.428988298938871209e-05 1.377635383839034707e-05 1.325185298232412397e-05 1.271907807987253003e-05 1.218067516755168900e-05 1.163921777024552284e-05 1.109718765890611365e-05 1.055695743580107862e-05 1.002077509219262685e-05 9.490750646906501173e-06 8.968844937642968585e-06 8.456860600816020203e-06 7.956435240852447710e-06 7.469036756853730340e-06 6.995960763859928694e-06 6.538330018117520722e-06 6.097095731115539008e-06 5.673040635998971027e-06 5.266783652486879311e-06 4.878785982714790733e-06 4.509358460500065441e-06 4.158669970326708025e-06 3.826756749719155598e-06 3.513532389414051278e-06 3.218798349580038253e-06 2.942254816966311041e-06 2.683511736935932043e-06 2.442099865488465395e-06 2.217481699214811099e-06 2.009062155267425666e-06 1.816198888489500195e-06 1.638212148459309611e-06 1.474394095024553885e-06 1.324017506606967848e-06
0.000000000000000000e+00 1.448462363119103351e-06 1.612972898312338530e-06 1.792188266398942320e-06 1.986904040761075013e-06 2.197894591688094971e-06 2.425903559575446474e-06 2.671633663820056432e-06 2.935735919309038775e-06 3.218798349580038253e-06 3.521334303036951057e-06 3.843770495684924986e-06 4.186434920324348285e-06 4.549544777612970140e-06 4.933194598450235851e-06 5.337344739334453817e-06 5.761810442271426643e-06 6.206251658067406838e-06 6.670163836041029216e-06 7.152869883997978313e-06 7.653513499438307808e-06 8.171054066181079154e-06 8.704263299737696868e-06 9.251723809769100989e-06 9.811829728837191344e-06 1.038278953351718304e-05 1.096263115698442997e-05 1.154920946173518036e-05 1.214021610755543033e-05 1.273319181371840016e-05 1.332554097626101927e-05 1.391454856173394792e-05 1.449739915877266516e-05 1.507119802898743952e-05 1.563299395983719877e-05 1.617980368517270853e-05 1.670863760483950455e-05 1.721652650392499760e-05 1.770054894567591976e-05 1.815785899049298581e-05 1.858571387733285349e-05 1.898150129381300235e-05 1.934276585770148456e-05 1.966723443552722804e-05 1.995283993386948071e-05 2.019774321543196682e-05 2.040035281508114406e-05 2.055934216028122201e-05 2.067366403530307604e-05 2.074256206859477752e-05 2.076557906703436609e-05 2.074256206859477752e-05 2.067366403530307604e-05 2.055934216028122201e-05 2.040035281508114406e-05 2.019774321543196682e-05 1.995283993386948071e-05 1.966723443552722804e-05 1.934276585770148456e-05 1.898150129381300235e-05 1.858571387733285349e-05 1.815785899049298581e-05 1.770054894567591976e-05 1.721652650392499760e-05 1.670863760483950455e-05 1.617980368517270853e-05 1.563299395983719877e-05 1.507119802898743952e-05 1.449739915877266516e-05 1.391454856173394792e-05 1.332554097626101927e-05 1.273319181371840016e-05 1.214021610755543033e-05 1.154920946173518036e-05 1.096263115698442997e-05 1.038278953351718304e-05 9.811829728837191344e-06 9.251723809769100989e-06 8.704263299737696868e-06 8.171054066181079154e-06 7.653513499438307808e-06 7.152869883997978313e-06 6.670163836041029216e-06 6.206251658067406838e-06 5.761810442271426643e-06 5.337344739334453817e-06 4.933194598450235851e-06 4.549544777612970140e-06 4.186434920324348285e-06 3.843770495684924986e-06 3.521334303036951057e-06 3.218798349580038253e-06 2.935735919309038775e-06 2.671633663820056432e-06 2.425903559575446474e-06 2.197894591688094971e-06 1.986904040761075013e-06 1.792188266398942320e-06 1.612972898312338530e-06 1.448462363119103351e-06
0.000000000000000000e+00 1.581092965432327298e-06 1.760667151518475528e-06 1.956292640308478597e-06 2.168837853039947216e-06 2.399148066365091223e-06 2.648035013213936119e-06 2.916265758526133263e-06 3.204550928331481331e-06 3.513532389414051278e-06 3.843770495684924986e-06 1.512320531158723248e-05 1.981079757144079160e-05 2.570596572623739411e-05 3.292041959476484076e-05 4.149397579093873015e-05 5.136680293249277422e-05 6.235687920222114232e-05 7.414787736213664354e-05 8.629215151850044396e-05 9.823181794743037008e-05 1.093382225347590145e-04 1.189667882089284908e-04 1.265209937446305853e-04 1.315168040303587639e-04 1.336379071174516374e-04 1.327729802962956311e-04 1.290288520742615970e-04 1.227173591262836674e-04 1.143180991843889045e-04 1.044232130238144488e-04 9.367297332243090639e-05 8.269182508398492443e-05 7.203355752185243497e-05 6.214185599393808512e-05 5.332924055428285695e-05 4.577409848646862015e-05 3.953281840165274189e-05 3.456235146996399854e-05 3.074798452710067546e-05 2.028754230500683363e-05 2.071957058267354622e-05 2.111391487160215724e-05 2.146809389548745973e-05 2.177985128443701854e-05 2.204717949782318480e-05 2.226834134564956865e-05 2.244188878580065418e-05 2.256667871268757745e-05 2.264188549647660163e-05 2.266701008048017379e-05 2.264188549647660163e-05 2.256667871268757745e-05 2.244188878580065418e-05 2.226834134564956865e-05 2.204717949782318480e-05 2.177985128443701854e-05 2.146809389548745973e-05 2.111391487160215724e-05 2.071957058267354622e-05 2.028754230500683363e-05 1.982051025154591721e-05 1.932132593492703123e-05 1.879298326117207691e-05 1.823858876255629382e-05 1.766133138151765064e-05 1.706445221353138615e-05 1.645121460591946662e-05 1.582487499201608072e-05 1.518865481651113647e-05 1.454571387880383265e-05 1.389912538757159088e-05 1.325185298232412397e-05 1.260672993734700187e-05 1.196644072105041552e-05 1.133350504024009028e-05 1.071026445511352793e-05 1.009887160771598511e-05 9.501282064968935532e-06 8.919248737941711070e-06 8.354318802419750581e-06 7.807833012580680813e-06 7.280927270167809151e-06 6.774536286288186674e-06 6.289399152086081177e-06 5.826066618173526383e-06 5.384909870852520358e-06 4.966130585756732530e-06 4.569772036403821744e-06 4.195731036032480163e-06 3.843770495684924986e-06 3.513532389414051278e-06 3.204550928331481331e-06 2.916265758526133263e-06 2.648035013213936119e-06 2.399148066365091223e-06 2.168837853039947216e-06 1.956292640308478597e-06 1.760667151518475528e-06 1.581092965432327298e-06
0.000000000000000000e+00 1.722044229798793595e-06 1.917627094140935158e-06 2.130692202605496920e-06 2.362185394440361602e-06 2.613027301014683789e-06 2.884102019619923366e-06 3.176244997495484456e-06 3.490230211555375850e-06 3.826756749719155598e-06 4.186434920324348285e-06 1.981079757144079160e-05 2.623448187487687755e-05 3.433560486301011095e-05 4.426994156463615380e-05 5.609303917402905134e-05 6.972150988092503038e-05 8.490159334156661324e-05 1.011922624512812509e-04 1.179693917980650556e-04 1.344551622351434638e-04 1.497731095451148317e-04 1.630246236686249935e-04 1.733781832150578636e-04 1.801592189603874945e-04 1.829271544304176102e-04 1.815273808190896807e-04 1.761096120811100842e-04 1.671095504552777154e-04 1.551969322026648830e-04 1.411985077554851579e-04 1.260081990513476876e-04 1.104978859634877364e-04 9.544092811078032162e-05 8.145713729557492282e-05 6.898339403579069058e-05 5.826950013018364637e-05 4.939509370177448612e-05 4.230110719476862588e-05 3.682849449263215147e-05 2.209613598121547761e-05 2.256667871268757745e-05 2.299617800346328561e-05 2.338193137643504037e-05 2.372148131086342386e-05 2.401264129790328658e-05 2.425351928055682381e-05 2.444253812666042714e-05 2.457845282505634601e-05 2.466036414266833100e-05 2.468772853290683911e-05 2.466036414266833100e-05 2.457845282505634601e-05 2.444253812666042714e-05 2.425351928055682381e-05 2.401264129790328658e-05 2.372148131086342386e-05 2.338193137643504037e-05 2.299617800346328561e-05 2.256667871268757745e-05 2.209613598121547761e-05 2.158746895759518076e-05 2.104378336109100957e-05 2.046833999843751010e-05 1.986452234302693351e-05 1.923580362511488693e-05 1.858571387733285349e-05 1.791780736786649939e-05 1.723563083454556760e-05 1.654269290738813911e-05 1.584243507556763956e-05 1.513820451814666359e-05 1.443322907714873354e-05 1.373059460757513951e-05 1.303322489280670241e-05 1.234386426645342125e-05 1.166506303410453813e-05 1.099916574152294268e-05 1.034830229049603195e-05 9.714381860596598718e-06 9.099089555225936893e-06 8.503885654105495267e-06 7.930007322339068535e-06 7.378472598652791857e-06 6.850086462682967835e-06 6.345448763353253627e-06 5.864963777479437548e-06 5.408851159673134932e-06 4.977158041199252763e-06 4.569772036403821744e-06 4.186434920324348285e-06 3.826756749719155598e-06 3.490230211555375850e-06 3.176244997495484456e-06 2.884102019619923366e-06 2.613027301014683789e-06 2.362185394440361602e-06 2.130692202605496920e-06 1.917627094140935158e-06 1.722044229798793595e-06
0.000000000000000000e+00 1.871405499334182799e-06 2.083952216527494600e-06 2.315497497883828298e-06 2.567069219888207850e-06 2.839667864745030696e-06 3.134254211802782490e-06 3.451736170702333932e-06 3.792954849138926903e-06 4.158669970326708025e-06 4.549544777612970140e-06 2.570596572623739411e-05 3.433560486301011095e-05 4.524122429843934883e-05 5.863477033412136958e-05 7.459184395312719567e-05 9.299903205458833529e-05 1.135111308944171767e-04 1.355281595904488416e-04 1.582010351319786102e-04 1.804715880008749603e-04 2.011474735060396523e-04 2.190062722618076052e-04 2.329169200861420453e-04 2.419619931450333987e-04 2.455425430886111525e-04 2.434488223344634947e-04 2.358852590593910135e-04 2.234455046117296388e-04 2.070417306761580453e-04 1.877998166678892069e-04 1.669370872272482153e-04 1.456409050787058242e-04 1.249645934159547263e-04 1.057525474997049285e-04 8.860024197173583269e-05 7.384857868727712205e-05 6.160689583134666377e-05 5.179576672128036576e-05 4.419969025039840500e-05 2.401264129790328658e-05 2.452399648850226441e-05 2.499074834121842289e-05 2.540995997996386209e-05 2.577896073127562788e-05 2.609537443976447284e-05 2.635714494112902334e-05 2.656255831086425331e-05 2.671026155194081121e-05 2.679927743642520472e-05 2.682901527328915750e-05 2.679927743642520472e-05 2.671026155194081121e-05 2.656255831086425331e-05 2.635714494112902334e-05 2.609537443976447284e-05 2.577896073127562788e-05 2.540995997996386209e-05 2.499074834121842289e-05 2.452399648850226441e-05 2.401264129790328658e-05 2.345985510991774003e-05 2.286901301794338635e-05 2.224365865433860004e-05 2.158746895759518076e-05 2.090421840811748386e-05 2.019774321543196682e-05 1.947190592668678657e-05 1.873056090552976811e-05 1.797752110252124537e-05 1.721652650392499760e-05 1.645121460591946662e-05 1.568509321696233354e-05 1.492151584326419822e-05 1.416365986215549143e-05 1.341450763664458214e-05 1.267683067272539880e-05 1.195317687001526218e-05 1.124586086704029823e-05 1.055695743580107862e-05 9.888297836910754423e-06 9.241469007251655466e-06 8.617815417272787189e-06 8.018443405149228541e-06 7.444227770315387172e-06 6.895820389508840920e-06 6.373660604439424056e-06 5.877987121431295267e-06 5.408851159673134932e-06 4.966130585756732530e-06 4.549544777612970140e-06 4.158669970326708025e-06 3.792954849138926903e-06 3.451736170702333932e-06 3.134254211802782490e-06 2.839667864745030696e-06 2.567069219888207850e-06 2.315497497883828298e-06 2.083952216527494600e-06 1.871405499334182799e-06
0.000000000000000000e+00 2.029215658290380081e-06 2.259685819247121499e-06 2.510756637783613362e-06 2.783542668206197352e-06 3.079128760460925280e-06 3.398556713612090943e-06 3.742810998668366444e-06 4.112803651479866655e-06 4.509358460500065441e-06 4.933194598450235851e-06 3.292041959476484076e-05 4.426994156463615380e-05 5.863477033412136958e-05 7.629626942577847021e-05 9.735482392370125486e-05 1.216599175469877111e-04 1.487533429983200985e-04 1.778386865430882900e-04 2.077888650367167467e-04 2.371992552769368540e-04 2.644871526079832611e-04 2.880299823185734106e-04 3.063265180649665711e-04 3.181592351230592476e-04 3.227334952225740096e-04 3.197714442746665332e-04 3.095451683926338129e-04 2.928435621645533401e-04 2.708784552667870015e-04 2.451454520600116556e-04 2.172616028851780655e-04 1.888042103167319292e-04 1.611726425561203801e-04 1.354888996936610848e-04 1.125445092254907933e-04 9.279301379434873765e-05 7.638051113953636055e-05 6.320246786729585896e-05 5.297366588365739993e-05 2.603755719214878906e-05 2.659203347218573566e-05 2.709814514515275009e-05 2.755270767678069752e-05 2.795282518351514239e-05 2.829592113572418406e-05 2.857976597877742418e-05 2.880250125792308100e-05 2.896265988184474528e-05 2.905918221583197601e-05 2.909142775760766529e-05 2.905918221583197601e-05 2.896265988184474528e-05 2.880250125792308100e-05 2.857976597877742418e-05 2.829592113572418406e-05 2.795282518351514239e-05 2.755270767678069752e-05 2.709814514515275009e-05 2.659203347218573566e-05 2.603755719214878906e-05 2.543815615974507022e-05 2.479749008013914610e-05 2.411940140985440571e-05 2.340787715286450394e-05 2.266701008048017379e-05 2.190095989857080623e-05 2.111391487160215724e-05 2.031005439044898981e-05 1.949351294065393203e-05 1.866834589059700224e-05 1.783849747588341536e-05 1.700777130821099053e-05 1.617980368517270853e-05 1.535803992304742309e-05 1.454571387880383265e-05 1.374583077144014933e-05 1.296115335750542095e-05 1.219419146223107971e-05 1.144719481707963931e-05 1.072214910752221588e-05 1.002077509219262685e-05 9.344530616805345535e-06 8.694615313801880700e-06 8.071977751897444368e-06 7.477324778690632824e-06 6.911132784294239884e-06 6.373660604439424056e-06 5.864963777479437548e-06 5.384909870852520358e-06 4.933194598450235851e-06 4.509358460500065441e-06 4.112803651479866655e-06 3.742810998668366444e-06 3.398556713612090943e-06 3.079128760460925280e-06 2.783542668206197352e-06 2.510756637783613362e-06 2.259685819247121499e-06 2.029215658290380081e-06
0.000000000000000000e+00 2.195458399746424448e-06 2.444809743304301834e-06 2.716449445686428778e-06 3.011583370648013365e-06 3.331385244065254817e-06 3.676982214005045959e-06 4.049439403898930266e-06 4.449743567796342369e-06 4.878785982714790733e-06 5.337344739334453817e-06 4.149397579093873015e-05 5.609303917402905134e-05 7.459184395312719567e-05 9.735482392370125486e-05 1.245120239795009375e-04 1.558685292623825157e-04 1.908309061700502794e-04 2.283676771958101338e-04 2.670190863623780908e-04 3.049659219105707564e-04 3.401583507574750583e-04 3.704949505629314484e-04 3.940315431945107835e-04 4.091914975666978514e-04 4.149460207939649329e-04 4.109357863561044944e-04 3.975138802585157101e-04 3.757028811554887458e-04 3.470732585201197966e-04 3.135631079228931085e-04 2.772678747516425812e-04 2.402315474444498365e-04 2.042676522456800205e-04 1.708304456510213645e-04 1.409461186254168375e-04 1.152030579664844648e-04 9.379139800338282505e-05 7.657660568396495776e-05 6.319007685701518752e-05 2.817067442429560845e-05 2.877057596827092132e-05 2.931815065264984968e-05 2.980995305137240151e-05 3.024285003669619604e-05 3.061405399775323123e-05 3.092115272447554009e-05 3.116213550889391858e-05 3.133541506877908132e-05 3.143984495923929720e-05 3.147473220508552766e-05 3.143984495923929720e-05 3.133541506877908132e-05 3.116213550889391858e-05 3.092115272447554009e-05 3.061405399775323123e-05 3.024285003669619604e-05 2.980995305137240151e-05 2.931815065264984968e-05 2.877057596827092132e-05 2.817067442429560845e-05 2.752216768424998799e-05 2.682901527328915750e-05 2.609537443976447284e-05 2.532555882147385549e-05 2.452399648850226441e-05 2.369518792908224467e-05 2.284366452969513104e-05 2.197394807626563813e-05 2.109051177053358422e-05 2.019774321543196682e-05 1.929990977660755425e-05 1.840112667523814859e-05 1.750532811125064545e-05 1.661624165718435678e-05 1.573736610254276044e-05 1.487195286777775782e-05 1.402299104724573067e-05 1.319319608268088673e-05 1.238500201396281769e-05 1.160055720310961646e-05 1.084172338126904467e-05 1.011007782762593376e-05 9.406918454065395086e-06 8.733271540443404368e-06 8.089901842586354267e-06 7.477324778690632824e-06 6.895820389508840920e-06 6.345448763353253627e-06 5.826066618173526383e-06 5.337344739334453817e-06 4.878785982714790733e-06 4.449743567796342369e-06 4.049439403898930266e-06 3.676982214005045959e-06 3.331385244065254817e-06 3.011583370648013365e-06 2.716449445686428778e-06 2.444809743304301834e-06 2.195458399746424448e-06
