3.853460129395949927e-06 4.991549721587584882e-06 6.308362545169515437e-06 7.778477481350550609e-06 9.357703152665677895e-06 1.098349713434698529e-05 1.257791713165018576e-05 1.405314503493097546e-05 1.531916306250829331e-05 1.629270750142204421e-05 1.690628531271505706e-05 1.711590385577155046e-05 1.690628531271505706e-05 1.629270750142204421e-05 1.531916306250829331e-05 1.405314503493097546e-05 1.257791713165018576e-05 1.098349713434698529e-05 9.357703152665677895e-06 7.778477481350550609e-06 6.308362545169515437e-06 4.991549721587584882e-06 3.853460129395949927e-06 2.902438654864748406e-06 2.132907101384354936e-06 1.529246665780161692e-06 0.000000000000000000e+00 0.000000000000000000e+00 0.000000000000000000e+00 0.000000000000000000e+00 0.000000000000000000e+00 0.000000000000000000e+00 0.000000000000000000e+00 0.000000000000000000e+00 0.000000000000000000e+00 0.000000000000000000e+00 0.000000000000000000e+00 0.000000000000000000e+00 0.000000000000000000e+00 0.000000000000000000e+00 0.000000000000000000e+00 0.000000000000000000e+00 0.000000000000000000e+00 0.000000000000000000e+00 0.000000000000000000e+00 0.000000000000000000e+00 0.000000000000000000e+00 0.000000000000000000e+00 0.000000000000000000e+00 0.000000000000000000e+00 0.000000000000000000e+00 0.000000000000000000e+00 0.000000000000000000e+00 0.000000000000000000e+00 0.000000000000000000e+00 0.000000000000000000e+00 0.000000000000000000e+00 0.000000000000000000e+00 0.000000000000000000e+00 0.000000000000000000e+00 0.000000000000000000e+00 0.000000000000000000e+00 0.000000000000000000e+00 0.000000000000000000e+00 0.000000000000000000e+00 0.000000000000000000e+00 0.000000000000000000e+00 0.000000000000000000e+00 0.000000000000000000e+00 0.000000000000000000e+00 0.000000000000000000e+00 0.000000000000000000e+00 0.000000000000000000e+00 0.000000000000000000e+00 0.000000000000000000e+00 0.000000000000000000e+00 0.000000000000000000e+00 0.000000000000000000e+00 0.000000000000000000e+00 0.000000000000000000e+00 0.000000000000000000e+00 0.000000000000000000e+00 0.000000000000000000e+00 0.000000000000000000e+00 0.000000000000000000e+00 0.000000000000000000e+00 0.000000000000000000e+00 0.000000000000000000e+00 0.000000000000000000e+00 0.000000000000000000e+00 0.000000000000000000e+00 0.000000000000000000e+00 0.000000000000000000e+00 0.000000000000000000e+00 0.000000000000000000e+00 0.000000000000000000e+00 0.000000000000000000e+00 0.000000000000000000e+00 0.000000000000000000e+00 0.000000000000000000e+00
5.374589109008815446e-06 6.961932359457414268e-06 8.798548704917307227e-06 1.084898220096293377e-05 1.305159720376767424e-05 1.531916306250829331e-05 1.754297025524934934e-05 1.960053502977362368e-05 2.136630565522251870e-05 2.272415059530813331e-05 2.357993436142221690e-05 2.387229849669985564e-05 2.357993436142221690e-05 2.272415059530813331e-05 2.136630565522251870e-05 1.960053502977362368e-05 1.754297025524934934e-05 1.531916306250829331e-05 1.305159720376767424e-05 1.084898220096293377e-05 8.798548704917307227e-06 6.961932359457414268e-06 5.374589109008815446e-06 4.048157930843198550e-06 2.974858670569631659e-06 4.171902655757903718e-06 2.843876135179139773e-06 3.869918206486331773e-06 5.137946839194600467e-06 6.655399628783447639e-06 8.411150060226021147e-06 1.037130330846740194e-05 1.247693753688756996e-05 1.464466284579597926e-05 1.677055617553357988e-05 1.873752671324130061e-05 2.042555075001105887e-05 2.172361000189606007e-05 2.254171375028674162e-05 2.282120514102873394e-05 2.254171375028674162e-05 2.172361000189606007e-05 2.042555075001105887e-05 1.873752671324130061e-05 1.677055617553357988e-05 1.464466284579597926e-05 1.247693753688756996e-05 1.037130330846740194e-05 8.411150060226021147e-06 6.655399628783447639e-06 5.137946839194600467e-06 3.869918206486331773e-06 2.843876135179139773e-06 2.038995554373548782e-06 0.000000000000000000e+00 0.000000000000000000e+00 0.000000000000000000e+00 0.000000000000000000e+00 0.000000000000000000e+00 0.000000000000000000e+00 0.000000000000000000e+00 0.000000000000000000e+00 0.000000000000000000e+00 0.000000000000000000e+00 0.000000000000000000e+00 0.000000000000000000e+00 0.000000000000000000e+00 0.000000000000000000e+00 0.000000000000000000e+00 0.000000000000000000e+00 0.000000000000000000e+00 0.000000000000000000e+00 0.000000000000000000e+00 0.000000000000000000e+00 0.000000000000000000e+00 0.000000000000000000e+00 0.000000000000000000e+00 0.000000000000000000e+00 0.000000000000000000e+00 0.000000000000000000e+00 0.000000000000000000e+00 0.000000000000000000e+00 0.000000000000000000e+00 0.000000000000000000e+00 0.000000000000000000e+00 0.000000000000000000e+00 0.000000000000000000e+00 0.000000000000000000e+00 0.000000000000000000e+00 0.000000000000000000e+00 0.000000000000000000e+00 0.000000000000000000e+00 0.000000000000000000e+00 0.000000000000000000e+00 0.000000000000000000e+00 0.000000000000000000e+00 0.000000000000000000e+00 0.000000000000000000e+00 0.000000000000000000e+00 0.000000000000000000e+00
7.313687114585312061e-06 9.473727936640055511e-06 1.197297709369868380e-05 1.476318649114016338e-05 1.776048296119091949e-05 2.084616390650196753e-05 2.387229849669985564e-05 2.667221206658353680e-05 2.907505507629603439e-05 3.092279689255193254e-05 3.208733888379152512e-05 3.248518507548696393e-05 3.208733888379152512e-05 3.092279689255193254e-05 2.907505507629603439e-05 2.667221206658353680e-05 2.387229849669985564e-05 2.084616390650196753e-05 1.776048296119091949e-05 1.476318649114016338e-05 1.197297709369868380e-05 9.473727936640055511e-06 7.313687114585312061e-06 5.508692831418017769e-06 4.048157930843198550e-06 5.746314790043888179e-06 3.966478227426176111e-06 5.397543907790931118e-06 7.166118812011753364e-06 9.282576479276551793e-06 1.173139827322307630e-05 1.446530960128391169e-05 1.740212960502356566e-05 2.042555075001105887e-05 2.339062700699913133e-05 2.613404670636483384e-05 2.848840754029669160e-05 3.029886746041084554e-05 3.143991248189629146e-05 3.182973132893313859e-05 3.143991248189629146e-05 3.029886746041084554e-05 2.848840754029669160e-05 2.613404670636483384e-05 2.339062700699913133e-05 2.042555075001105887e-05 1.740212960502356566e-05 1.446530960128391169e-05 1.173139827322307630e-05 9.282576479276551793e-06 7.166118812011753364e-06 5.397543907790931118e-06 3.966478227426176111e-06 2.843876135179139773e-06 0.000000000000000000e+00 0.000000000000000000e+00 0.000000000000000000e+00 0.000000000000000000e+00 0.000000000000000000e+00 0.000000000000000000e+00 0.000000000000000000e+00 0.000000000000000000e+00 3.021144562713424767e-06 4.406013505793546212e-06 6.218278952166317589e-06 8.492677577819911266e-06 1.122455498730476960e-05 1.435633839192513035e-05 1.776921738842518516e-05 2.128349638385450772e-05 2.466991804727055909e-05 2.767212424573322423e-05 3.003774668829438667e-05 3.155311653675811585e-05 3.207504185515283466e-05 3.155311653675811585e-05 3.003774668829438667e-05 2.767212424573322423e-05 2.466991804727055909e-05 2.128349638385450772e-05 1.776921738842518516e-05 1.435633839192513035e-05 1.122455498730476960e-05 8.492677577819911266e-06 6.218278952166317589e-06 4.406013505793546212e-06 3.021144562713424767e-06 0.000000000000000000e+00 0.000000000000000000e+00 0.000000000000000000e+00 0.000000000000000000e+00 0.000000000000000000e+00 0.000000000000000000e+00 0.000000000000000000e+00 0.000000000000000000e+00 0.000000000000000000e+00 0.000000000000000000e+00 0.000000000000000000e+00 0.000000000000000000e+00 0.000000000000000000e+00
9.710111063913161238e-06 1.257791713165018576e-05 1.589607752205493912e-05 1.960053502977362368e-05 2.357993436142221690e-05 2.767667848204757375e-05 3.169436511599881440e-05 3.541170649347031744e-05 3.860187201845240667e-05 4.105505028164347877e-05 4.260116948203645853e-05 4.312937511172680252e-05 4.260116948203645853e-05 4.105505028164347877e-05 3.860187201845240667e-05 3.541170649347031744e-05 3.169436511599881440e-05 2.767667848204757375e-05 2.357993436142221690e-05 1.960053502977362368e-05 1.589607752205493912e-05 1.257791713165018576e-05 9.710111063913161238e-06 7.313687114585312061e-06 5.374589109008815446e-06 7.723378335882280006e-06 5.397543907790931118e-06 7.344923775224023410e-06 9.751582819447083877e-06 1.263163724885340678e-05 1.596396945826491286e-05 1.968424865485355005e-05 2.368064394825455593e-05 2.779488520866929004e-05 3.182973132893313859e-05 3.556294942211138014e-05 3.876674010172804585e-05 4.123039585673591006e-05 4.278311851172202898e-05 4.331358010064928976e-05 4.278311851172202898e-05 4.123039585673591006e-05 3.876674010172804585e-05 3.556294942211138014e-05 3.182973132893313859e-05 2.779488520866929004e-05 2.368064394825455593e-05 1.968424865485355005e-05 1.596396945826491286e-05 1.263163724885340678e-05 9.751582819447083877e-06 7.344923775224023410e-06 5.397543907790931118e-06 3.869918206486331773e-06 0.000000000000000000e+00 0.000000000000000000e+00 0.000000000000000000e+00 0.000000000000000000e+00 0.000000000000000000e+00 0.000000000000000000e+00 0.000000000000000000e+00 0.000000000000000000e+00 4.406013505793546212e-06 6.425695497271896118e-06 9.068689192889636016e-06 1.238565428812746919e-05 1.636980284921184042e-05 2.093717117321689674e-05 2.591448710102962956e-05 3.103968399100610578e-05 3.597841475201348166e-05 4.035680869610304812e-05 4.380681388955578098e-05 4.601681737664704673e-05 4.677798916241467970e-05 4.601681737664704673e-05 4.380681388955578098e-05 4.035680869610304812e-05 3.597841475201348166e-05 3.103968399100610578e-05 2.591448710102962956e-05 2.093717117321689674e-05 1.636980284921184042e-05 1.238565428812746919e-05 9.068689192889636016e-06 6.425695497271896118e-06 4.406013505793546212e-06 0.000000000000000000e+00 0.000000000000000000e+00 0.000000000000000000e+00 0.000000000000000000e+00 0.000000000000000000e+00 0.000000000000000000e+00 0.000000000000000000e+00 0.000000000000000000e+00 0.000000000000000000e+00 0.000000000000000000e+00 0.000000000000000000e+00 0.000000000000000000e+00 0.000000000000000000e+00
1.257791713165018576e-05 1.629270750142204421e-05 2.059086085366760750e-05 2.538940118375396278e-05 3.054408527518894634e-05 3.585077102982489714e-05 4.105505028164347877e-05 4.587027963258852108e-05 5.000263582762687732e-05 5.318034128336116603e-05 5.518309481009158444e-05 5.586730187991667952e-05 5.518309481009158444e-05 5.318034128336116603e-05 5.000263582762687732e-05 4.587027963258852108e-05 4.105505028164347877e-05 3.585077102982489714e-05 3.054408527518894634e-05 2.538940118375396278e-05 2.059086085366760750e-05 1.629270750142204421e-05 1.257791713165018576e-05 9.473727936640055511e-06 6.961932359457414268e-06 1.012949656078218704e-05 7.166118812011753364e-06 9.751582819447083877e-06 1.294681475188421611e-05 1.677055617553357988e-05 2.119477002940658888e-05 2.613404670636483384e-05 3.143991248189629146e-05 3.690223797606342941e-05 4.225915348799842372e-05 4.721560865796042551e-05 5.146916269126987782e-05 5.474006704219131180e-05 5.680155930938195148e-05 5.750583348230240110e-05 5.680155930938195148e-05 5.474006704219131180e-05 5.146916269126987782e-05 4.721560865796042551e-05 4.225915348799842372e-05 3.690223797606342941e-05 3.143991248189629146e-05 2.613404670636483384e-05 2.119477002940658888e-05 1.677055617553357988e-05 1.294681475188421611e-05 9.751582819447083877e-06 7.166118812011753364e-06 5.137946839194600467e-06 0.000000000000000000e+00 0.000000000000000000e+00 0.000000000000000000e+00 0.000000000000000000e+00 0.000000000000000000e+00 0.000000000000000000e+00 0.000000000000000000e+00 0.000000000000000000e+00 6.218278952166317589e-06 9.068689192889636016e-06 1.279878944032590184e-05 1.748007655160383359e-05 2.310297060472423118e-05 2.954897225192900599e-05 3.657353965997325412e-05 4.380681388955578098e-05 5.077692542035494014e-05 5.695622443317562494e-05 6.182527321187375035e-05 6.494428729340657373e-05 6.601854148899585794e-05 6.494428729340657373e-05 6.182527321187375035e-05 5.695622443317562494e-05 5.077692542035494014e-05 4.380681388955578098e-05 3.657353965997325412e-05 2.954897225192900599e-05 2.310297060472423118e-05 1.748007655160383359e-05 1.279878944032590184e-05 9.068689192889636016e-06 6.218278952166317589e-06 0.000000000000000000e+00 0.000000000000000000e+00 0.000000000000000000e+00 0.000000000000000000e+00 0.000000000000000000e+00 0.000000000000000000e+00 0.000000000000000000e+00 0.000000000000000000e+00 0.000000000000000000e+00 0.000000000000000000e+00 0.000000000000000000e+00 0.000000000000000000e+00 0.000000000000000000e+00
1.589607752205493912e-05 2.059086085366760750e-05 2.602290323189657663e-05 3.208733888379152512e-05 3.860187201845240667e-05 4.530850613425617705e-05 5.188571804998428109e-05 5.797124542688904844e-05 6.319375196255228716e-05 6.720976285989728135e-05 6.974085962140844520e-05 7.060556627428578281e-05 6.974085962140844520e-05 6.720976285989728135e-05 6.319375196255228716e-05 5.797124542688904844e-05 5.188571804998428109e-05 4.530850613425617705e-05 3.860187201845240667e-05 3.208733888379152512e-05 2.602290323189657663e-05 2.059086085366760750e-05 1.589607752205493912e-05 1.197297709369868380e-05 8.798548704917307227e-06 1.296376217395296308e-05 9.282576479276551793e-06 1.263163724885340678e-05 1.677055617553357988e-05 2.172361000189606007e-05 2.745448113822347892e-05 3.385253491167195038e-05 4.072544703358525953e-05 4.780102803976653177e-05 5.474006704219131180e-05 6.116037284345136145e-05 6.667018110350251213e-05 7.090712171114821685e-05 7.357745974678879281e-05 7.448973583988891054e-05 7.357745974678879281e-05 7.090712171114821685e-05 6.667018110350251213e-05 6.116037284345136145e-05 5.474006704219131180e-05 4.780102803976653177e-05 4.072544703358525953e-05 3.385253491167195038e-05 2.745448113822347892e-05 2.172361000189606007e-05 1.677055617553357988e-05 1.263163724885340678e-05 9.282576479276551793e-06 6.655399628783447639e-06 0.000000000000000000e+00 0.000000000000000000e+00 0.000000000000000000e+00 0.000000000000000000e+00 0.000000000000000000e+00 0.000000000000000000e+00 0.000000000000000000e+00 0.000000000000000000e+00 8.492677577819911266e-06 1.238565428812746919e-05 1.748007655160383359e-05 2.387359192637437093e-05 3.155311653675811585e-05 4.035680869610304812e-05 4.995068291420944311e-05 5.982960059164768953e-05 6.934910114282511590e-05 7.778854147294157913e-05 8.443849425026997717e-05 8.869831938177365606e-05 9.016549295020635855e-05 8.869831938177365606e-05 8.443849425026997717e-05 7.778854147294157913e-05 6.934910114282511590e-05 5.982960059164768953e-05 4.995068291420944311e-05 4.035680869610304812e-05 3.155311653675811585e-05 2.387359192637437093e-05 1.748007655160383359e-05 1.238565428812746919e-05 8.492677577819911266e-06 0.000000000000000000e+00 0.000000000000000000e+00 0.000000000000000000e+00 0.000000000000000000e+00 0.000000000000000000e+00 0.000000000000000000e+00 0.000000000000000000e+00 0.000000000000000000e+00 0.000000000000000000e+00 0.000000000000000000e+00 0.000000000000000000e+00 0.000000000000000000e+00 0.000000000000000000e+00
1.960053502977362368e-05 2.538940118375396278e-05 3.208733888379152512e-05 3.956504420234290844e-05 4.759773872911412010e-05 5.586730187991667952e-05 6.397728199127485484e-05 7.148099429767086328e-05 7.792056545309989713e-05 8.287247652450407585e-05 8.599342574414104714e-05 8.705964557206307308e-05 8.599342574414104714e-05 8.287247652450407585e-05 7.792056545309989713e-05 7.148099429767086328e-05 6.397728199127485484e-05 5.586730187991667952e-05 4.759773872911412010e-05 3.956504420234290844e-05 3.208733888379152512e-05 2.538940118375396278e-05 1.960053502977362368e-05 1.476318649114016338e-05 1.084898220096293377e-05 1.618962754157657176e-05 1.173139827322307630e-05 1.596396945826491286e-05 2.119477002940658888e-05 2.745448113822347892e-05 3.469720430919544002e-05 4.278311851172202898e-05 5.146916269126987782e-05 6.041134151234156714e-05 6.918095739997903693e-05 7.729499390251874029e-05 8.425833595006971622e-05 8.961301714652971750e-05 9.298781282854460715e-05 9.414075503238103471e-05 9.298781282854460715e-05 8.961301714652971750e-05 8.425833595006971622e-05 7.729499390251874029e-05 6.918095739997903693e-05 6.041134151234156714e-05 5.146916269126987782e-05 4.278311851172202898e-05 3.469720430919544002e-05 2.745448113822347892e-05 2.119477002940658888e-05 1.596396945826491286e-05 1.173139827322307630e-05 8.411150060226021147e-06 0.000000000000000000e+00 0.000000000000000000e+00 0.000000000000000000e+00 0.000000000000000000e+00 0.000000000000000000e+00 0.000000000000000000e+00 0.000000000000000000e+00 0.000000000000000000e+00 1.122455498730476960e-05 1.636980284921184042e-05 2.310297060472423118e-05 3.155311653675811585e-05 4.170294802108725260e-05 5.333856303512594471e-05 6.601854148899585794e-05 7.907525460089613590e-05 9.165693527925271788e-05 1.028111279563503379e-04 1.116002006519916740e-04 1.172303027001068564e-04 1.191694285227806656e-04 1.172303027001068564e-04 1.116002006519916740e-04 1.028111279563503379e-04 9.165693527925271788e-05 7.907525460089613590e-05 6.601854148899585794e-05 5.333856303512594471e-05 4.170294802108725260e-05 3.155311653675811585e-05 2.310297060472423118e-05 1.636980284921184042e-05 1.122455498730476960e-05 0.000000000000000000e+00 0.000000000000000000e+00 0.000000000000000000e+00 0.000000000000000000e+00 0.000000000000000000e+00 0.000000000000000000e+00 0.000000000000000000e+00 0.000000000000000000e+00 0.000000000000000000e+00 0.000000000000000000e+00 0.000000000000000000e+00 0.000000000000000000e+00 0.000000000000000000e+00
2.357993436142221690e-05 3.054408527518894634e-05 3.860187201845240667e-05 4.759773872911412010e-05 5.726127135201966340e-05 6.720976285989728135e-05 7.696627197598919642e-05 8.599342574414104714e-05 9.374039106575443917e-05 9.969766406110587239e-05 1.034522441086701248e-04 1.047349332556274718e-04 1.034522441086701248e-04 9.969766406110587239e-05 9.374039106575443917e-05 8.599342574414104714e-05 7.696627197598919642e-05 6.720976285989728135e-05 5.726127135201966340e-05 4.759773872911412010e-05 3.860187201845240667e-05 3.054408527518894634e-05 2.357993436142221690e-05 1.776048296119091949e-05 1.305159720376767424e-05 1.972900646113308153e-05 1.446530960128391169e-05 1.968424865485355005e-05 2.613404670636483384e-05 3.385253491167195038e-05 4.278311851172202898e-05 5.275339226979054458e-05 6.346365163881883132e-05 7.448973583988891054e-05 8.530304265503313075e-05 9.530799239689447986e-05 1.038940872707998583e-04 1.104966353660054345e-04 1.146579009921880674e-04 1.160795274294174263e-04 1.146579009921880674e-04 1.104966353660054345e-04 1.038940872707998583e-04 9.530799239689447986e-05 8.895804992082047258e-05 8.013864949005319470e-05 7.180312869126072219e-05 6.451346182007438039e-05 5.862395652017105029e-05 5.423438513219694976e-05 5.118396127781286439e-05 4.909228881754463164e-05 4.744321796579251610e-05 4.569590888462136166e-05 3.614337686807658426e-05 3.532460557615396310e-05 3.297790836450860440e-05 2.940804016269108159e-05 2.504991457144803055e-05 2.038185022052499599e-05 1.584083800844901792e-05 1.176006955028382903e-05 2.269581544436702800e-05 2.658608482338119106e-05 3.320397951771634782e-05 4.035680869610304812e-05 5.333856303512594471e-05 6.822065205590543925e-05 8.443849425026997717e-05 1.011381845215308467e-04 1.172303027001068564e-04 1.314966468662908273e-04 1.427379746438791524e-04 1.499389416555094677e-04 1.524191064839869846e-04 1.499389416555094677e-04 1.427379746438791524e-04 1.314966468662908273e-04 1.172303027001068564e-04 1.011381845215308467e-04 8.443849425026997717e-05 6.822065205590543925e-05 5.333856303512594471e-05 4.035680869610304812e-05 2.954897225192900599e-05 2.093717117321689674e-05 1.435633839192513035e-05 0.000000000000000000e+00 0.000000000000000000e+00 0.000000000000000000e+00 0.000000000000000000e+00 0.000000000000000000e+00 0.000000000000000000e+00 0.000000000000000000e+00 0.000000000000000000e+00 0.000000000000000000e+00 0.000000000000000000e+00 0.000000000000000000e+00 0.000000000000000000e+00 0.000000000000000000e+00
2.767667848204757375e-05 3.585077102982489714e-05 4.530850613425617705e-05 5.586730187991667952e-05 6.720976285989728135e-05 7.888669107456521175e-05 9.033828215087536472e-05 1.009338007227122741e-04 1.100267127355908901e-04 1.170189938333649659e-04 1.214258892563461009e-04 1.229314309838426143e-04 1.214258892563461009e-04 1.170189938333649659e-04 1.100267127355908901e-04 1.009338007227122741e-04 9.033828215087536472e-05 7.888669107456521175e-05 6.720976285989728135e-05 5.586730187991667952e-05 4.530850613425617705e-05 3.585077102982489714e-05 2.767667848204757375e-05 2.084616390650196753e-05 1.531916306250829331e-05 2.346043467123455864e-05 1.740212960502356566e-05 2.368064394825455593e-05 3.143991248189629146e-05 4.072544703358525953e-05 5.146916269126987782e-05 6.346365163881883132e-05 7.634836180269288905e-05 8.961301714652971750e-05 1.026216959679855862e-04 1.146579009921880674e-04 1.249871880876725675e-04 1.329302187481411722e-04 1.379363254782268241e-04 1.396465776741699714e-04 1.379363254782268241e-04 1.329302187481411722e-04 1.249871880876725675e-04 1.146579009921880674e-04 1.082706096181498839e-04 9.834356762332571950e-05 8.923725157255303153e-05 8.163916062653339125e-05 7.595161089146328841e-05 7.222615375010830324e-05 7.015524026869897453e-05 6.913157397912011895e-05 6.837038853514929612e-05 6.707208116181305338e-05 5.586057704022897826e-05 5.459514362492547834e-05 5.096825893012573724e-05 4.545093003086555963e-05 3.871532778680268985e-05 3.150070671652304371e-05 2.448244820019340721e-05 1.817550898771454977e-05 3.065810715828532764e-05 3.464503757782563494e-05 4.222245331013755183e-05 4.995068291420944311e-05 6.601854148899585794e-05 8.443849425026997717e-05 1.045117438251703783e-04 1.251813894303693061e-04 1.450990270862341492e-04 1.627568562559338170e-04 1.766705431279889276e-04 1.855833692779010249e-04 1.886531344779976914e-04 1.855833692779010249e-04 1.766705431279889276e-04 1.627568562559338170e-04 1.450990270862341492e-04 1.251813894303693061e-04 1.045117438251703783e-04 8.443849425026997717e-05 6.601854148899585794e-05 4.995068291420944311e-05 3.657353965997325412e-05 2.591448710102962956e-05 1.776921738842518516e-05 0.000000000000000000e+00 0.000000000000000000e+00 0.000000000000000000e+00 0.000000000000000000e+00 0.000000000000000000e+00 0.000000000000000000e+00 0.000000000000000000e+00 0.000000000000000000e+00 0.000000000000000000e+00 0.000000000000000000e+00 0.000000000000000000e+00 0.000000000000000000e+00 0.000000000000000000e+00
3.169436511599881440e-05 4.105505028164347877e-05 5.188571804998428109e-05 6.397728199127485484e-05 7.696627197598919642e-05 9.033828215087536472e-05 1.034522441086701248e-04 1.155858617473247153e-04 1.259987468589093211e-04 1.340060628470001640e-04 1.390526854991578677e-04 1.407767792786768885e-04 1.390526854991578677e-04 1.340060628470001640e-04 1.259987468589093211e-04 1.155858617473247153e-04 1.034522441086701248e-04 9.033828215087536472e-05 7.696627197598919642e-05 6.397728199127485484e-05 5.188571804998428109e-05 4.105505028164347877e-05 3.169436511599881440e-05 2.387229849669985564e-05 1.754297025524934934e-05 2.722257997744616671e-05 2.042555075001105887e-05 2.779488520866929004e-05 3.690223797606342941e-05 4.780102803976653177e-05 6.041134151234156714e-05 7.448973583988891054e-05 8.961301714652971750e-05 1.051822547660869535e-04 1.204510428678338241e-04 1.345784009636163655e-04 1.467022836474545021e-04 1.560253251111533149e-04 1.619011856751281255e-04 1.639085746451234948e-04 1.619011856751281255e-04 1.560253251111533149e-04 1.467022836474545021e-04 1.345784009636163655e-04 1.287905199202757421e-04 1.180711445359470824e-04 1.086408527842856010e-04 1.013221941684187735e-04 9.655471838041815140e-05 9.430544235144677182e-05 9.405757927720312080e-05 9.489397920765816946e-05 9.566986356373905355e-05 9.524333643706135223e-05 8.246682976816320293e-05 8.059867359126538313e-05 7.524431281372800484e-05 6.709909399898887942e-05 5.715534130113969139e-05 4.650441431168024004e-05 3.614337686807658426e-05 2.683245832852986632e-05 4.031133202161039458e-05 4.392857376086625504e-05 5.214629094199767863e-05 5.982960059164768953e-05 7.907525460089613590e-05 1.011381845215308467e-04 1.251813894303693061e-04 1.499389416555094677e-04 1.737957587430005019e-04 1.949458372785262670e-04 2.116112816677861042e-04 2.222868279782919186e-04 2.259637111581948917e-04 2.222868279782919186e-04 2.116112816677861042e-04 1.949458372785262670e-04 1.737957587430005019e-04 1.499389416555094677e-04 1.251813894303693061e-04 1.011381845215308467e-04 7.907525460089613590e-05 5.982960059164768953e-05 4.380681388955578098e-05 3.103968399100610578e-05 2.128349638385450772e-05 0.000000000000000000e+00 0.000000000000000000e+00 0.000000000000000000e+00 0.000000000000000000e+00 0.000000000000000000e+00 0.000000000000000000e+00 0.000000000000000000e+00 0.000000000000000000e+00 0.000000000000000000e+00 0.000000000000000000e+00 0.000000000000000000e+00 0.000000000000000000e+00 0.000000000000000000e+00
3.541170649347031744e-05 4.587027963258852108e-05 5.797124542688904844e-05 7.148099429767086328e-05 8.599342574414104714e-05 1.009338007227122741e-04 1.155858617473247153e-04 1.291425966732797183e-04 1.407767792786768885e-04 1.497232504426508463e-04 1.553617770226105527e-04 1.572880848272974782e-04 1.553617770226105527e-04 1.497232504426508463e-04 1.407767792786768885e-04 1.291425966732797183e-04 1.155858617473247153e-04 1.009338007227122741e-04 8.599342574414104714e-05 7.148099429767086328e-05 5.797124542688904844e-05 4.587027963258852108e-05 3.541170649347031744e-05 2.667221206658353680e-05 1.960053502977362368e-05 3.082370121046455703e-05 2.339062700699913133e-05 3.182973132893313859e-05 4.225915348799842372e-05 5.474006704219131180e-05 6.918095739997903693e-05 8.530304265503313075e-05 1.026216959679855862e-04 1.204510428678338241e-04 1.379363254782268241e-04 1.541144823297662780e-04 1.679983291452124010e-04 1.786747504626668673e-04 1.854035806655438055e-04 1.877023723715691937e-04 1.854035806655438055e-04 1.786747504626668673e-04 1.679983291452124010e-04 1.541144823297662780e-04 1.496963950285106328e-04 1.386265518555483570e-04 1.294541542965154627e-04 1.231413356516193516e-04 1.201492163301047809e-04 1.203191367202398364e-04 1.228578270792638069e-04 1.264507737788414944e-04 1.294978021198139938e-04 1.304282832888139349e-04 1.162921424888436854e-04 1.136577271132803516e-04 1.061071751128148658e-04 9.462104244990834901e-05 8.059867359126538313e-05 6.557906967804851787e-05 5.096825893012573724e-05 3.783829299658620049e-05 5.150237637580042880e-05 5.415392373972803482e-05 6.253699497063876917e-05 6.934910114282511590e-05 9.165693527925271788e-05 1.172303027001068564e-04 1.450990270862341492e-04 1.737957587430005019e-04 2.014484391016464683e-04 2.259637111581948917e-04 2.452807979699401890e-04 2.576549327380325458e-04 2.619168455873895551e-04 2.576549327380325458e-04 2.452807979699401890e-04 2.259637111581948917e-04 2.014484391016464683e-04 1.737957587430005019e-04 1.450990270862341492e-04 1.172303027001068564e-04 9.165693527925271788e-05 6.934910114282511590e-05 5.077692542035494014e-05 3.597841475201348166e-05 2.466991804727055909e-05 0.000000000000000000e+00 0.000000000000000000e+00 0.000000000000000000e+00 0.000000000000000000e+00 0.000000000000000000e+00 0.000000000000000000e+00 0.000000000000000000e+00 0.000000000000000000e+00 0.000000000000000000e+00 0.000000000000000000e+00 0.000000000000000000e+00 0.000000000000000000e+00 0.000000000000000000e+00
3.860187201845240667e-05 5.000263582762687732e-05 6.319375196255228716e-05 7.792056545309989713e-05 9.374039106575443917e-05 1.100267127355908901e-04 1.259987468589093211e-04 1.407767792786768885e-04 1.534590607173208694e-04 1.632115004917829662e-04 1.693579899712544120e-04 1.714578347601064382e-04 1.693579899712544120e-04 1.632115004917829662e-04 1.534590607173208694e-04 1.407767792786768885e-04 1.259987468589093211e-04 1.100267127355908901e-04 9.374039106575443917e-05 7.792056545309989713e-05 6.319375196255228716e-05 5.000263582762687732e-05 3.860187201845240667e-05 2.907505507629603439e-05 2.136630565522251870e-05 3.405668977574959392e-05 2.613404670636483384e-05 3.556294942211138014e-05 4.721560865796042551e-05 6.116037284345136145e-05 7.729499390251874029e-05 9.530799239689447986e-05 1.146579009921880674e-04 1.345784009636163655e-04 1.541144823297662780e-04 1.721901288977063273e-04 1.877023723715691937e-04 1.996310005902011194e-04 2.071490360301474307e-04 2.097174464363966648e-04 2.071490360301474307e-04 1.996310005902011194e-04 1.877023723715691937e-04 1.721901288977063273e-04 1.699553203382152993e-04 1.590608491638097557e-04 1.508012778602646584e-04 1.462762513270202374e-04 1.459493441027963139e-04 1.494955153417953106e-04 1.557821886935588319e-04 1.630176893137986148e-04 1.690606310525999975e-04 1.718347202214655237e-04 1.566457564680631188e-04 1.530971935082242163e-04 1.429265843462351705e-04 1.274547398916872415e-04 1.085665800355984132e-04 8.833514249834394918e-05 6.865435020027758721e-05 5.096825893012573724e-05 6.381550111380981526e-05 6.483925689629646549e-05 7.279706244162463947e-05 7.778854147294157913e-05 1.028111279563503379e-04 1.314966468662908273e-04 1.627568562559338170e-04 1.949458372785262670e-04 2.259637111581948917e-04 2.534623697660946763e-04 2.751302498658980493e-04 2.890102552262717298e-04 2.937908216499588907e-04 2.890102552262717298e-04 2.751302498658980493e-04 2.534623697660946763e-04 2.259637111581948917e-04 1.949458372785262670e-04 1.627568562559338170e-04 1.314966468662908273e-04 1.028111279563503379e-04 7.778854147294157913e-05 5.695622443317562494e-05 4.035680869610304812e-05 2.767212424573322423e-05 0.000000000000000000e+00 0.000000000000000000e+00 0.000000000000000000e+00 0.000000000000000000e+00 0.000000000000000000e+00 0.000000000000000000e+00 0.000000000000000000e+00 0.000000000000000000e+00 0.000000000000000000e+00 0.000000000000000000e+00 0.000000000000000000e+00 0.000000000000000000e+00 0.000000000000000000e+00
4.105505028164347877e-05 5.318034128336116603e-05 6.720976285989728135e-05 8.287247652450407585e-05 9.969766406110587239e-05 1.170189938333649659e-04 1.340060628470001640e-04 1.497232504426508463e-04 1.632115004917829662e-04 1.735837152154069132e-04 1.801208187661018504e-04 1.823541102849368862e-04 1.801208187661018504e-04 1.735837152154069132e-04 1.632115004917829662e-04 1.497232504426508463e-04 1.340060628470001640e-04 1.170189938333649659e-04 9.969766406110587239e-05 8.287247652450407585e-05 6.720976285989728135e-05 5.318034128336116603e-05 4.105505028164347877e-05 3.092279689255193254e-05 2.272415059530813331e-05 3.671825825143310647e-05 2.848840754029669160e-05 3.876674010172804585e-05 5.146916269126987782e-05 6.667018110350251213e-05 8.425833595006971622e-05 1.038940872707998583e-04 1.249871880876725675e-04 1.467022836474545021e-04 1.679983291452124010e-04 1.877023723715691937e-04 2.046120809564278258e-04 2.176153339890439368e-04 2.258106532950059097e-04 2.286104463468086295e-04 2.258106532950059097e-04 2.176153339890439368e-04 2.046120809564278258e-04 1.877023723715691937e-04 1.883801793657374139e-04 1.782029903639775390e-04 1.714916023993528008e-04 1.694731569488483762e-04 1.725934784484136654e-04 1.803279082167828773e-04 1.911579703200059165e-04 2.027582800052844607e-04 2.123870266109819163e-04 2.174103356208005947e-04 2.015505962695906888e-04 1.969847848707895459e-04 1.838986190706851976e-04 1.639915399035564013e-04 1.396888076287360319e-04 1.136577271132803516e-04 8.833514249834394918e-05 6.557906967804851787e-05 7.654216099997463688e-05 7.530752060607882469e-05 8.220712343239874973e-05 8.443849425026997717e-05 1.116002006519916740e-04 1.427379746438791524e-04 1.766705431279889276e-04 2.116112816677861042e-04 2.452807979699401890e-04 2.751302498658980493e-04 2.986504642133953934e-04 3.137170373952991834e-04 3.189062827884649393e-04 3.137170373952991834e-04 2.986504642133953934e-04 2.751302498658980493e-04 2.452807979699401890e-04 2.116112816677861042e-04 1.766705431279889276e-04 1.427379746438791524e-04 1.116002006519916740e-04 8.443849425026997717e-05 6.182527321187375035e-05 4.380681388955578098e-05 3.003774668829438667e-05 0.000000000000000000e+00 0.000000000000000000e+00 0.000000000000000000e+00 0.000000000000000000e+00 0.000000000000000000e+00 0.000000000000000000e+00 0.000000000000000000e+00 0.000000000000000000e+00 0.000000000000000000e+00 0.000000000000000000e+00 0.000000000000000000e+00 0.000000000000000000e+00 0.000000000000000000e+00
4.260116948203645853e-05 5.518309481009158444e-05 6.974085962140844520e-05 8.599342574414104714e-05 1.034522441086701248e-04 1.214258892563461009e-04 1.390526854991578677e-04 1.553617770226105527e-04 1.693579899712544120e-04 1.801208187661018504e-04 1.869041074084078495e-04 1.892215039246465821e-04 1.869041074084078495e-04 1.801208187661018504e-04 1.693579899712544120e-04 1.553617770226105527e-04 1.390526854991578677e-04 1.214258892563461009e-04 1.034522441086701248e-04 8.599342574414104714e-05 6.974085962140844520e-05 5.518309481009158444e-05 4.260116948203645853e-05 3.208733888379152512e-05 2.357993436142221690e-05 3.862989531461111036e-05 3.029886746041084554e-05 4.123039585673591006e-05 5.474006704219131180e-05 7.090712171114821685e-05 8.961301714652971750e-05 1.104966353660054345e-04 1.329302187481411722e-04 1.560253251111533149e-04 1.786747504626668673e-04 1.996310005902011194e-04 2.176153339890439368e-04 2.314449536205425600e-04 2.401610916881357824e-04 2.431388137132491816e-04 2.401610916881357824e-04 2.314449536205425600e-04 2.176153339890439368e-04 1.996310005902011194e-04 2.037246650341148978e-04 1.947406528979559912e-04 1.900855600492808704e-04 1.910953089572708311e-04 1.981795971821281171e-04 2.105959293398842623e-04 2.264218653003057522e-04 2.427809921263265989e-04 2.563158702195092605e-04 2.638239090178922611e-04 2.477118202592508900e-04 2.421002990159962112e-04 2.260170027590984387e-04 2.015505962695906888e-04 1.716817982581144472e-04 1.396888076287360319e-04 1.085665800355984132e-04 8.059867359126538313e-05 8.870845783789780723e-05 8.473214516344972980e-05 8.999420186485460429e-05 8.869831938177365606e-05 1.172303027001068564e-04 1.499389416555094677e-04 1.855833692779010249e-04 2.222868279782919186e-04 2.576549327380325458e-04 2.890102552262717298e-04 3.137170373952991834e-04 3.295437019035084183e-04 3.349947387714702395e-04 3.295437019035084183e-04 3.137170373952991834e-04 2.890102552262717298e-04 2.576549327380325458e-04 2.222868279782919186e-04 1.855833692779010249e-04 1.499389416555094677e-04 1.172303027001068564e-04 8.869831938177365606e-05 6.494428729340657373e-05 4.601681737664704673e-05 3.155311653675811585e-05 0.000000000000000000e+00 0.000000000000000000e+00 0.000000000000000000e+00 0.000000000000000000e+00 0.000000000000000000e+00 0.000000000000000000e+00 0.000000000000000000e+00 0.000000000000000000e+00 0.000000000000000000e+00 0.000000000000000000e+00 0.000000000000000000e+00 0.000000000000000000e+00 0.000000000000000000e+00
4.312937511172680252e-05 5.586730187991667952e-05 7.060556627428578281e-05 8.705964557206307308e-05 1.047349332556274718e-04 1.229314309838426143e-04 1.407767792786768885e-04 1.572880848272974782e-04 1.714578347601064382e-04 1.823541102849368862e-04 1.892215039246465821e-04 1.915676334991789408e-04 1.892215039246465821e-04 1.823541102849368862e-04 1.714578347601064382e-04 1.572880848272974782e-04 1.407767792786768885e-04 1.229314309838426143e-04 1.047349332556274718e-04 8.705964557206307308e-05 7.060556627428578281e-05 5.586730187991667952e-05 4.312937511172680252e-05 3.248518507548696393e-05 2.387229849669985564e-05 3.965761760605829208e-05 3.143991248189629146e-05 4.278311851172202898e-05 5.680155930938195148e-05 7.357745974678879281e-05 9.298781282854460715e-05 1.146579009921880674e-04 1.379363254782268241e-04 1.619011856751281255e-04 1.854035806655438055e-04 2.071490360301474307e-04 2.258106532950059097e-04 2.401610916881357824e-04 2.492054765445437994e-04 2.522953385661954608e-04 2.492054765445437994e-04 2.401610916881357824e-04 2.258106532950059097e-04 2.071490360301474307e-04 2.148116208282348769e-04 2.073521157059936987e-04 2.050354194772156899e-04 2.092789434420964164e-04 2.204425527202318351e-04 2.375689996503452077e-04 2.583521555789726064e-04 2.793990164623805033e-04 2.967788251409669300e-04 3.067620569596399955e-04 2.908081438034328505e-04 2.842203432093532030e-04 2.653389126590706588e-04 2.366158979506584607e-04 2.015505962695906888e-04 1.639915399035564013e-04 1.274547398916872415e-04 9.462104244990834901e-05 9.917413585414172085e-05 9.222891919328024611e-05 9.542658165168692937e-05 9.016549295020635855e-05 1.191694285227806656e-04 1.524191064839869846e-04 1.886531344779976914e-04 2.259637111581948917e-04 2.619168455873895551e-04 2.937908216499588907e-04 3.189062827884649393e-04 3.349947387714702395e-04 3.405359421416721236e-04 3.349947387714702395e-04 3.189062827884649393e-04 2.937908216499588907e-04 2.619168455873895551e-04 2.259637111581948917e-04 1.886531344779976914e-04 1.524191064839869846e-04 1.191694285227806656e-04 9.016549295020635855e-05 6.601854148899585794e-05 4.677798916241467970e-05 3.207504185515283466e-05 0.000000000000000000e+00 0.000000000000000000e+00 0.000000000000000000e+00 0.000000000000000000e+00 0.000000000000000000e+00 0.000000000000000000e+00 0.000000000000000000e+00 0.000000000000000000e+00 0.000000000000000000e+00 0.000000000000000000e+00 0.000000000000000000e+00 0.000000000000000000e+00 0.000000000000000000e+00
