0.000000000000000000e+00 0.000000000000000000e+00 0.000000000000000000e+00 0.000000000000000000e+00 0.000000000000000000e+00 0.000000000000000000e+00 0.000000000000000000e+00 0.000000000000000000e+00 0.000000000000000000e+00 0.000000000000000000e+00 3.380365483336137853e-05 5.224447267206273475e-05 7.712838395979429494e-05 1.087640332798308539e-04 1.465053777925808638e-04 1.885033269753243331e-04 2.316763289924707943e-04 2.719828352437202016e-04 3.049990739867740894e-04 3.267027086918020237e-04 3.342751866999013957e-04 3.267027086918020237e-04 3.049990739867740894e-04 2.719828352437202016e-04 2.316763289924707943e-04 1.885033269753243331e-04 1.465053777925808638e-04 1.087640332798308539e-04 7.712838395979429494e-05 5.224447267206273475e-05 3.380365483336137853e-05 0.000000000000000000e+00 0.000000000000000000e+00 0.000000000000000000e+00 0.000000000000000000e+00 0.000000000000000000e+00 0.000000000000000000e+00 0.000000000000000000e+00 0.000000000000000000e+00 0.000000000000000000e+00 0.000000000000000000e+00 0.000000000000000000e+00 0.000000000000000000e+00 0.000000000000000000e+00 4.909983939271332472e-06 6.993052746642903423e-06 9.682033877295938672e-06 1.303105126052560709e-05 1.704925356545960980e-05 2.168424711862526011e-05 2.680997366882670728e-05 3.222266738251147522e-05 3.764780415517962744e-05 4.275932829982818830e-05 4.721012598757618996e-05 5.067018686464148475e-05 5.286678663749650679e-05 5.361994733765340778e-05 5.286678663749650679e-05 5.067018686464148475e-05 4.721012598757618996e-05 4.275932829982818830e-05 3.764780415517962744e-05 3.222266738251147522e-05 2.680997366882670728e-05 2.168424711862526011e-05 1.704925356545960980e-05 1.303105126052560709e-05 9.682033877295938672e-06 6.993052746642903423e-06 4.909983939271332472e-06 0.000000000000000000e+00 0.000000000000000000e+00 0.000000000000000000e+00 0.000000000000000000e+00 0.000000000000000000e+00 0.000000000000000000e+00 0.000000000000000000e+00 0.000000000000000000e+00 0.000000000000000000e+00 0.000000000000000000e+00 0.000000000000000000e+00 0.000000000000000000e+00 0.000000000000000000e+00 0.000000000000000000e+00 0.000000000000000000e+00 0.000000000000000000e+00 0.000000000000000000e+00 0.000000000000000000e+00 0.000000000000000000e+00 0.000000000000000000e+00 0.000000000000000000e+00 0.000000000000000000e+00 0.000000000000000000e+00 0.000000000000000000e+00 0.000000000000000000e+00 0.000000000000000000e+00 0.000000000000000000e+00 0.000000000000000000e+00 0.000000000000000000e+00
0.000000000000000000e+00 0.000000000000000000e+00 0.000000000000000000e+00 0.000000000000000000e+00 0.000000000000000000e+00 0.000000000000000000e+00 0.000000000000000000e+00 0.000000000000000000e+00 0.000000000000000000e+00 0.000000000000000000e+00 3.968473569639694549e-05 6.133384392335772728e-05 9.054699993900915437e-05 1.276865455898695443e-04 1.719940410130267627e-04 2.212986952382561335e-04 2.719828352437202016e-04 3.193017732494230127e-04 3.580621000444457382e-04 3.835416823903803601e-04 3.924316024241638278e-04 3.835416823903803601e-04 3.580621000444457382e-04 3.193017732494230127e-04 2.719828352437202016e-04 2.212986952382561335e-04 1.719940410130267627e-04 1.276865455898695443e-04 9.054699993900915437e-05 6.133384392335772728e-05 3.968473569639694549e-05 0.000000000000000000e+00 0.000000000000000000e+00 0.000000000000000000e+00 0.000000000000000000e+00 0.000000000000000000e+00 0.000000000000000000e+00 0.000000000000000000e+00 0.000000000000000000e+00 0.000000000000000000e+00 0.000000000000000000e+00 0.000000000000000000e+00 0.000000000000000000e+00 0.000000000000000000e+00 6.608348329687063348e-06 9.411951038794908554e-06 1.303105126052560709e-05 1.753849440174351049e-05 2.294659365798998161e-05 2.918483237404536157e-05 3.608354872534225703e-05 4.336849423725053378e-05 5.067018686464148475e-05 5.754978819556891945e-05 6.354011766087659793e-05 6.819701426183846630e-05 7.115341831926021415e-05 7.216709745068451405e-05 7.115341831926021415e-05 6.819701426183846630e-05 6.354011766087659793e-05 5.754978819556891945e-05 5.067018686464148475e-05 4.336849423725053378e-05 3.608354872534225703e-05 2.918483237404536157e-05 2.294659365798998161e-05 1.753849440174351049e-05 1.303105126052560709e-05 9.411951038794908554e-06 6.608348329687063348e-06 0.000000000000000000e+00 0.000000000000000000e+00 0.000000000000000000e+00 0.000000000000000000e+00 0.000000000000000000e+00 0.000000000000000000e+00 0.000000000000000000e+00 0.000000000000000000e+00 0.000000000000000000e+00 0.000000000000000000e+00 0.000000000000000000e+00 0.000000000000000000e+00 0.000000000000000000e+00 0.000000000000000000e+00 0.000000000000000000e+00 0.000000000000000000e+00 0.000000000000000000e+00 0.000000000000000000e+00 0.000000000000000000e+00 0.000000000000000000e+00 0.000000000000000000e+00 0.000000000000000000e+00 0.000000000000000000e+00 0.000000000000000000e+00 0.000000000000000000e+00 0.000000000000000000e+00 0.000000000000000000e+00 0.000000000000000000e+00 0.000000000000000000e+00
0.000000000000000000e+00 0.000000000000000000e+00 0.000000000000000000e+00 0.000000000000000000e+00 0.000000000000000000e+00 0.000000000000000000e+00 0.000000000000000000e+00 0.000000000000000000e+00 0.000000000000000000e+00 0.000000000000000000e+00 4.450210112695124299e-05 6.877921389381266870e-05 1.015385809510048346e-04 1.431865291446894986e-04 1.928725509211251185e-04 2.481623410597484907e-04 3.049990739867740894e-04 3.580621000444457382e-04 4.015275774497138522e-04 4.301001490023123792e-04 4.400692243510959871e-04 4.301001490023123792e-04 4.015275774497138522e-04 3.580621000444457382e-04 3.049990739867740894e-04 2.481623410597484907e-04 1.928725509211251185e-04 1.431865291446894986e-04 1.015385809510048346e-04 6.877921389381266870e-05 4.450210112695124299e-05 0.000000000000000000e+00 0.000000000000000000e+00 0.000000000000000000e+00 0.000000000000000000e+00 0.000000000000000000e+00 0.000000000000000000e+00 0.000000000000000000e+00 0.000000000000000000e+00 0.000000000000000000e+00 0.000000000000000000e+00 0.000000000000000000e+00 0.000000000000000000e+00 0.000000000000000000e+00 8.646071914628618386e-06 1.231418222505197054e-05 1.704925356545960980e-05 2.294659365798998161e-05 3.002231254540080305e-05 3.818414934164446437e-05 4.721012598757618996e-05 5.674142785723606803e-05 6.629464091522952471e-05 7.529560831035926843e-05 8.313309156115842701e-05 8.922596997830029031e-05 9.309399884329489731e-05 9.442025197515240703e-05 9.309399884329489731e-05 8.922596997830029031e-05 8.313309156115842701e-05 7.529560831035926843e-05 6.629464091522952471e-05 5.674142785723606803e-05 4.721012598757618996e-05 3.818414934164446437e-05 3.002231254540080305e-05 2.294659365798998161e-05 1.704925356545960980e-05 1.231418222505197054e-05 8.646071914628618386e-06 0.000000000000000000e+00 0.000000000000000000e+00 0.000000000000000000e+00 0.000000000000000000e+00 0.000000000000000000e+00 0.000000000000000000e+00 0.000000000000000000e+00 0.000000000000000000e+00 0.000000000000000000e+00 0.000000000000000000e+00 0.000000000000000000e+00 0.000000000000000000e+00 0.000000000000000000e+00 0.000000000000000000e+00 0.000000000000000000e+00 0.000000000000000000e+00 0.000000000000000000e+00 0.000000000000000000e+00 0.000000000000000000e+00 0.000000000000000000e+00 0.000000000000000000e+00 0.000000000000000000e+00 0.000000000000000000e+00 0.000000000000000000e+00 0.000000000000000000e+00 0.000000000000000000e+00 0.000000000000000000e+00 0.000000000000000000e+00 0.000000000000000000e+00
0.000000000000000000e+00 0.000000000000000000e+00 0.000000000000000000e+00 0.000000000000000000e+00 0.000000000000000000e+00 0.000000000000000000e+00 0.000000000000000000e+00 0.000000000000000000e+00 0.000000000000000000e+00 0.000000000000000000e+00 4.766885613981217297e-05 7.367352033919884993e-05 1.087640332798308539e-04 1.533756358938199147e-04 2.065972987870826549e-04 2.658214923729058086e-04 3.267027086918020237e-04 3.835416823903803601e-04 4.301001490023123792e-04 4.607059354347297318e-04 4.713844069363891387e-04 4.607059354347297318e-04 4.301001490023123792e-04 3.835416823903803601e-04 3.267027086918020237e-04 2.658214923729058086e-04 2.065972987870826549e-04 1.533756358938199147e-04 1.087640332798308539e-04 7.367352033919884993e-05 4.766885613981217297e-05 0.000000000000000000e+00 0.000000000000000000e+00 0.000000000000000000e+00 0.000000000000000000e+00 0.000000000000000000e+00 0.000000000000000000e+00 0.000000000000000000e+00 0.000000000000000000e+00 0.000000000000000000e+00 0.000000000000000000e+00 0.000000000000000000e+00 0.000000000000000000e+00 0.000000000000000000e+00 1.099658464708617521e-05 1.566190387201336998e-05 2.168424711862526011e-05 2.918483237404536157e-05 3.818414934164446437e-05 4.856485518029716655e-05 6.004462509080159933e-05 7.216709745068451405e-05 8.431743775332893273e-05 9.576539942234294021e-05 1.057335732749930000e-04 1.134828557144721361e-04 1.184024431584903550e-04 1.200892501816031987e-04 1.184024431584903550e-04 1.134828557144721361e-04 1.057335732749930000e-04 9.576539942234294021e-05 8.431743775332893273e-05 7.216709745068451405e-05 6.004462509080159933e-05 4.856485518029716655e-05 3.818414934164446437e-05 2.918483237404536157e-05 2.168424711862526011e-05 1.566190387201336998e-05 1.099658464708617521e-05 0.000000000000000000e+00 0.000000000000000000e+00 0.000000000000000000e+00 0.000000000000000000e+00 0.000000000000000000e+00 0.000000000000000000e+00 0.000000000000000000e+00 0.000000000000000000e+00 0.000000000000000000e+00 0.000000000000000000e+00 0.000000000000000000e+00 0.000000000000000000e+00 0.000000000000000000e+00 0.000000000000000000e+00 0.000000000000000000e+00 0.000000000000000000e+00 0.000000000000000000e+00 0.000000000000000000e+00 0.000000000000000000e+00 0.000000000000000000e+00 0.000000000000000000e+00 0.000000000000000000e+00 0.000000000000000000e+00 0.000000000000000000e+00 0.000000000000000000e+00 0.000000000000000000e+00 0.000000000000000000e+00 0.000000000000000000e+00 0.000000000000000000e+00
0.000000000000000000e+00 0.000000000000000000e+00 0.000000000000000000e+00 0.000000000000000000e+00 0.000000000000000000e+00 0.000000000000000000e+00 0.000000000000000000e+00 0.000000000000000000e+00 0.000000000000000000e+00 0.000000000000000000e+00 4.877374861601903750e-05 7.538116186681819613e-05 1.112850201837400850e-04 1.569306527298751450e-04 2.113859138183518498e-04 2.719828352437202016e-04 3.342751866999013957e-04 3.924316024241638278e-04 4.400692243510959871e-04 4.713844069363891387e-04 4.823103893660424008e-04 4.713844069363891387e-04 4.400692243510959871e-04 3.924316024241638278e-04 3.342751866999013957e-04 2.719828352437202016e-04 2.113859138183518498e-04 1.569306527298751450e-04 1.112850201837400850e-04 7.538116186681819613e-05 4.877374861601903750e-05 0.000000000000000000e+00 0.000000000000000000e+00 0.000000000000000000e+00 0.000000000000000000e+00 0.000000000000000000e+00 0.000000000000000000e+00 0.000000000000000000e+00 0.000000000000000000e+00 0.000000000000000000e+00 0.000000000000000000e+00 0.000000000000000000e+00 0.000000000000000000e+00 0.000000000000000000e+00 1.359595946414832845e-05 1.936406775459188412e-05 2.680997366882670728e-05 3.608354872534225703e-05 4.721012598757618996e-05 6.004462509080159933e-05 7.423798524488589394e-05 8.922596997830029031e-05 1.042484100842048025e-04 1.184024431584903550e-04 1.307268958846488367e-04 1.403079552139480839e-04 1.463904356945515493e-04 1.484759704897717879e-04 1.463904356945515493e-04 1.403079552139480839e-04 1.307268958846488367e-04 1.184024431584903550e-04 1.042484100842048025e-04 8.922596997830029031e-05 7.423798524488589394e-05 6.004462509080159933e-05 4.721012598757618996e-05 3.608354872534225703e-05 2.680997366882670728e-05 1.936406775459188412e-05 1.359595946414832845e-05 0.000000000000000000e+00 0.000000000000000000e+00 0.000000000000000000e+00 0.000000000000000000e+00 0.000000000000000000e+00 0.000000000000000000e+00 0.000000000000000000e+00 0.000000000000000000e+00 0.000000000000000000e+00 0.000000000000000000e+00 0.000000000000000000e+00 0.000000000000000000e+00 0.000000000000000000e+00 0.000000000000000000e+00 0.000000000000000000e+00 0.000000000000000000e+00 0.000000000000000000e+00 0.000000000000000000e+00 0.000000000000000000e+00 0.000000000000000000e+00 0.000000000000000000e+00 0.000000000000000000e+00 0.000000000000000000e+00 0.000000000000000000e+00 0.000000000000000000e+00 0.000000000000000000e+00 0.000000000000000000e+00 0.000000000000000000e+00 0.000000000000000000e+00
0.000000000000000000e+00 0.000000000000000000e+00 0.000000000000000000e+00 0.000000000000000000e+00 0.000000000000000000e+00 0.000000000000000000e+00 0.000000000000000000e+00 0.000000000000000000e+00 0.000000000000000000e+00 0.000000000000000000e+00 4.766885613981217297e-05 7.367352033919884993e-05 1.087640332798308539e-04 1.533756358938199147e-04 2.065972987870826549e-04 2.658214923729058086e-04 3.267027086918020237e-04 3.835416823903803601e-04 4.301001490023123792e-04 4.607059354347297318e-04 4.713844069363891387e-04 4.607059354347297318e-04 4.301001490023123792e-04 3.835416823903803601e-04 3.267027086918020237e-04 2.658214923729058086e-04 2.065972987870826549e-04 1.533756358938199147e-04 1.087640332798308539e-04 7.367352033919884993e-05 4.766885613981217297e-05 0.000000000000000000e+00 0.000000000000000000e+00 0.000000000000000000e+00 0.000000000000000000e+00 0.000000000000000000e+00 0.000000000000000000e+00 0.000000000000000000e+00 0.000000000000000000e+00 0.000000000000000000e+00 0.000000000000000000e+00 0.000000000000000000e+00 0.000000000000000000e+00 0.000000000000000000e+00 1.634086198558111136e-05 2.327349971082372433e-05 3.222266738251147522e-05 4.336849423725053378e-05 5.674142785723606803e-05 7.216709745068451405e-05 8.922596997830029031e-05 1.072398946753068020e-04 1.252952309761069328e-04 1.423068366385204283e-04 1.571194860566827204e-04 1.686348755066578655e-04 1.759453543533788305e-04 1.784519399566005535e-04 1.759453543533788305e-04 1.686348755066578655e-04 1.571194860566827204e-04 1.423068366385204283e-04 1.252952309761069328e-04 1.072398946753068020e-04 8.922596997830029031e-05 7.216709745068451405e-05 5.674142785723606803e-05 4.336849423725053378e-05 3.222266738251147522e-05 2.327349971082372433e-05 1.634086198558111136e-05 0.000000000000000000e+00 0.000000000000000000e+00 0.000000000000000000e+00 0.000000000000000000e+00 0.000000000000000000e+00 0.000000000000000000e+00 0.000000000000000000e+00 0.000000000000000000e+00 0.000000000000000000e+00 0.000000000000000000e+00 0.000000000000000000e+00 0.000000000000000000e+00 0.000000000000000000e+00 0.000000000000000000e+00 0.000000000000000000e+00 0.000000000000000000e+00 0.000000000000000000e+00 0.000000000000000000e+00 0.000000000000000000e+00 0.000000000000000000e+00 0.000000000000000000e+00 0.000000000000000000e+00 0.000000000000000000e+00 0.000000000000000000e+00 0.000000000000000000e+00 0.000000000000000000e+00 0.000000000000000000e+00 0.000000000000000000e+00 0.000000000000000000e+00
0.000000000000000000e+00 0.000000000000000000e+00 0.000000000000000000e+00 0.000000000000000000e+00 0.000000000000000000e+00 0.000000000000000000e+00 0.000000000000000000e+00 0.000000000000000000e+00 0.000000000000000000e+00 0.000000000000000000e+00 4.450210112695124299e-05 6.877921389381266870e-05 1.015385809510048346e-04 1.431865291446894986e-04 1.928725509211251185e-04 2.481623410597484907e-04 3.049990739867740894e-04 3.580621000444457382e-04 4.015275774497138522e-04 4.301001490023123792e-04 4.400692243510959871e-04 4.301001490023123792e-04 4.015275774497138522e-04 3.580621000444457382e-04 3.049990739867740894e-04 2.481623410597484907e-04 1.928725509211251185e-04 1.431865291446894986e-04 1.015385809510048346e-04 6.877921389381266870e-05 4.450210112695124299e-05 0.000000000000000000e+00 0.000000000000000000e+00 0.000000000000000000e+00 0.000000000000000000e+00 0.000000000000000000e+00 0.000000000000000000e+00 0.000000000000000000e+00 0.000000000000000000e+00 0.000000000000000000e+00 0.000000000000000000e+00 0.000000000000000000e+00 0.000000000000000000e+00 0.000000000000000000e+00 1.909207467082223896e-05 2.719191892829665689e-05 3.764780415517962744e-05 5.067018686464148475e-05 6.629464091522952471e-05 8.431743775332893273e-05 1.042484100842048025e-04 1.252952309761069328e-04 1.463904356945515493e-04 1.662661831223168540e-04 1.835727492639198258e-04 1.970269156008315015e-04 2.055682158176877711e-04 2.084968201684096051e-04 2.055682158176877711e-04 1.970269156008315015e-04 1.835727492639198258e-04 1.662661831223168540e-04 1.463904356945515493e-04 1.252952309761069328e-04 1.042484100842048025e-04 8.431743775332893273e-05 6.629464091522952471e-05 5.067018686464148475e-05 3.764780415517962744e-05 2.719191892829665689e-05 1.909207467082223896e-05 0.000000000000000000e+00 0.000000000000000000e+00 0.000000000000000000e+00 0.000000000000000000e+00 0.000000000000000000e+00 0.000000000000000000e+00 0.000000000000000000e+00 0.000000000000000000e+00 0.000000000000000000e+00 0.000000000000000000e+00 0.000000000000000000e+00 0.000000000000000000e+00 0.000000000000000000e+00 0.000000000000000000e+00 0.000000000000000000e+00 0.000000000000000000e+00 0.000000000000000000e+00 0.000000000000000000e+00 0.000000000000000000e+00 0.000000000000000000e+00 0.000000000000000000e+00 0.000000000000000000e+00 0.000000000000000000e+00 0.000000000000000000e+00 0.000000000000000000e+00 0.000000000000000000e+00 0.000000000000000000e+00 0.000000000000000000e+00 0.000000000000000000e+00
0.000000000000000000e+00 0.000000000000000000e+00 0.000000000000000000e+00 0.000000000000000000e+00 0.000000000000000000e+00 0.000000000000000000e+00 0.000000000000000000e+00 0.000000000000000000e+00 0.000000000000000000e+00 0.000000000000000000e+00 3.968473569639694549e-05 6.133384392335772728e-05 9.054699993900915437e-05 1.276865455898695443e-04 1.719940410130267627e-04 2.212986952382561335e-04 2.719828352437202016e-04 3.193017732494230127e-04 3.580621000444457382e-04 3.835416823903803601e-04 3.924316024241638278e-04 3.835416823903803601e-04 3.580621000444457382e-04 3.193017732494230127e-04 2.719828352437202016e-04 2.212986952382561335e-04 1.719940410130267627e-04 1.276865455898695443e-04 9.054699993900915437e-05 6.133384392335772728e-05 3.968473569639694549e-05 0.000000000000000000e+00 0.000000000000000000e+00 0.000000000000000000e+00 0.000000000000000000e+00 0.000000000000000000e+00 0.000000000000000000e+00 0.000000000000000000e+00 0.000000000000000000e+00 0.000000000000000000e+00 0.000000000000000000e+00 0.000000000000000000e+00 0.000000000000000000e+00 0.000000000000000000e+00 2.168424711862526011e-05 3.088382482454511322e-05 4.275932829982818830e-05 5.754978819556891945e-05 7.529560831035926843e-05 9.576539942234294021e-05 1.184024431584903550e-04 1.423068366385204283e-04 1.662661831223168540e-04 1.888405039503047598e-04 2.084968201684096051e-04 2.237776878925728282e-04 2.334786589923628654e-04 2.368048863169807099e-04 2.334786589923628654e-04 2.237776878925728282e-04 2.084968201684096051e-04 1.888405039503047598e-04 1.662661831223168540e-04 1.423068366385204283e-04 1.184024431584903550e-04 9.576539942234294021e-05 7.529560831035926843e-05 5.754978819556891945e-05 4.275932829982818830e-05 3.088382482454511322e-05 2.168424711862526011e-05 0.000000000000000000e+00 0.000000000000000000e+00 0.000000000000000000e+00 0.000000000000000000e+00 0.000000000000000000e+00 0.000000000000000000e+00 0.000000000000000000e+00 0.000000000000000000e+00 0.000000000000000000e+00 0.000000000000000000e+00 0.000000000000000000e+00 0.000000000000000000e+00 0.000000000000000000e+00 0.000000000000000000e+00 0.000000000000000000e+00 0.000000000000000000e+00 0.000000000000000000e+00 0.000000000000000000e+00 0.000000000000000000e+00 0.000000000000000000e+00 0.000000000000000000e+00 0.000000000000000000e+00 0.000000000000000000e+00 0.000000000000000000e+00 0.000000000000000000e+00 0.000000000000000000e+00 0.000000000000000000e+00 0.000000000000000000e+00 0.000000000000000000e+00
0.000000000000000000e+00 0.000000000000000000e+00 0.000000000000000000e+00 0.000000000000000000e+00 0.000000000000000000e+00 0.000000000000000000e+00 0.000000000000000000e+00 0.000000000000000000e+00 0.000000000000000000e+00 0.000000000000000000e+00 3.380365483336137853e-05 5.224447267206273475e-05 7.712838395979429494e-05 1.087640332798308539e-04 1.465053777925808638e-04 1.885033269753243331e-04 2.316763289924707943e-04 2.719828352437202016e-04 3.049990739867740894e-04 3.267027086918020237e-04 3.342751866999013957e-04 3.267027086918020237e-04 3.049990739867740894e-04 2.719828352437202016e-04 2.316763289924707943e-04 1.885033269753243331e-04 1.465053777925808638e-04 1.087640332798308539e-04 7.712838395979429494e-05 5.224447267206273475e-05 3.380365483336137853e-05 0.000000000000000000e+00 0.000000000000000000e+00 0.000000000000000000e+00 0.000000000000000000e+00 0.000000000000000000e+00 0.000000000000000000e+00 0.000000000000000000e+00 0.000000000000000000e+00 0.000000000000000000e+00 0.000000000000000000e+00 0.000000000000000000e+00 0.000000000000000000e+00 0.000000000000000000e+00 2.394134985558574183e-05 3.409850713091922637e-05 4.721012598757618996e-05 6.354011766087659793e-05 8.313309156115842701e-05 1.057335732749930000e-04 1.307268958846488367e-04 1.571194860566827204e-04 1.835727492639198258e-04 2.084968201684096051e-04 2.301991527822757049e-04 2.470705985963609057e-04 2.577813390600918017e-04 2.614537917692976734e-04 2.577813390600918017e-04 2.470705985963609057e-04 2.301991527822757049e-04 2.084968201684096051e-04 1.835727492639198258e-04 1.571194860566827204e-04 1.307268958846488367e-04 1.057335732749930000e-04 8.313309156115842701e-05 6.354011766087659793e-05 4.721012598757618996e-05 3.409850713091922637e-05 2.394134985558574183e-05 0.000000000000000000e+00 0.000000000000000000e+00 0.000000000000000000e+00 0.000000000000000000e+00 0.000000000000000000e+00 0.000000000000000000e+00 0.000000000000000000e+00 0.000000000000000000e+00 0.000000000000000000e+00 0.000000000000000000e+00 0.000000000000000000e+00 0.000000000000000000e+00 0.000000000000000000e+00 0.000000000000000000e+00 0.000000000000000000e+00 0.000000000000000000e+00 0.000000000000000000e+00 0.000000000000000000e+00 0.000000000000000000e+00 0.000000000000000000e+00 0.000000000000000000e+00 0.000000000000000000e+00 0.000000000000000000e+00 0.000000000000000000e+00 0.000000000000000000e+00 0.000000000000000000e+00 0.000000000000000000e+00 0.000000000000000000e+00 0.000000000000000000e+00
0.000000000000000000e+00 0.000000000000000000e+00 0.000000000000000000e+00 0.000000000000000000e+00 0.000000000000000000e+00 0.000000000000000000e+00 0.000000000000000000e+00 0.000000000000000000e+00 0.000000000000000000e+00 0.000000000000000000e+00 2.750432652194350936e-05 4.250868855520967558e-05 6.275547028856784555e-05 8.849580022985133556e-05 1.192040259519814823e-04 1.533756358938199147e-04 1.885033269753243331e-04 2.212986952382561335e-04 2.481623410597484907e-04 2.658214923729058086e-04 2.719828352437202016e-04 2.658214923729058086e-04 2.481623410597484907e-04 2.212986952382561335e-04 1.885033269753243331e-04 1.533756358938199147e-04 1.192040259519814823e-04 8.849580022985133556e-05 6.275547028856784555e-05 4.250868855520967558e-05 2.750432652194350936e-05 0.000000000000000000e+00 0.000000000000000000e+00 0.000000000000000000e+00 0.000000000000000000e+00 0.000000000000000000e+00 0.000000000000000000e+00 0.000000000000000000e+00 0.000000000000000000e+00 0.000000000000000000e+00 0.000000000000000000e+00 0.000000000000000000e+00 0.000000000000000000e+00 0.000000000000000000e+00 2.569602697721097139e-05 3.659760892363789409e-05 5.067018686464148475e-05 6.819701426183846630e-05 8.922596997830029031e-05 1.134828557144721361e-04 1.403079552139480839e-04 1.686348755066578655e-04 1.970269156008315015e-04 2.237776878925728282e-04 2.470705985963609057e-04 2.651785636609180988e-04 2.766743012681157341e-04 2.806159104278961678e-04 2.766743012681157341e-04 2.651785636609180988e-04 2.470705985963609057e-04 2.237776878925728282e-04 1.970269156008315015e-04 1.686348755066578655e-04 1.403079552139480839e-04 1.134828557144721361e-04 8.922596997830029031e-05 6.819701426183846630e-05 5.067018686464148475e-05 3.659760892363789409e-05 2.569602697721097139e-05 0.000000000000000000e+00 0.000000000000000000e+00 0.000000000000000000e+00 0.000000000000000000e+00 0.000000000000000000e+00 0.000000000000000000e+00 0.000000000000000000e+00 0.000000000000000000e+00 0.000000000000000000e+00 0.000000000000000000e+00 0.000000000000000000e+00 0.000000000000000000e+00 0.000000000000000000e+00 0.000000000000000000e+00 0.000000000000000000e+00 0.000000000000000000e+00 0.000000000000000000e+00 0.000000000000000000e+00 0.000000000000000000e+00 0.000000000000000000e+00 0.000000000000000000e+00 0.000000000000000000e+00 0.000000000000000000e+00 0.000000000000000000e+00 0.000000000000000000e+00 0.000000000000000000e+00 0.000000000000000000e+00 0.000000000000000000e+00 0.000000000000000000e+00
0.000000000000000000e+00 0.000000000000000000e+00 0.000000000000000000e+00 0.000000000000000000e+00 0.000000000000000000e+00 0.000000000000000000e+00 0.000000000000000000e+00 0.000000000000000000e+00 0.000000000000000000e+00 0.000000000000000000e+00 2.137644896079373991e-05 3.303788626003076572e-05 4.877374861601903750e-05 6.877921389381266870e-05 9.264574337607187190e-05 1.192040259519814823e-04 1.465053777925808638e-04 1.719940410130267627e-04 1.928725509211251185e-04 2.065972987870826549e-04 2.113859138183518498e-04 2.065972987870826549e-04 1.928725509211251185e-04 1.719940410130267627e-04 1.465053777925808638e-04 1.192040259519814823e-04 9.264574337607187190e-05 6.877921389381266870e-05 4.877374861601903750e-05 3.303788626003076572e-05 2.137644896079373991e-05 0.000000000000000000e+00 0.000000000000000000e+00 0.000000000000000000e+00 0.000000000000000000e+00 0.000000000000000000e+00 0.000000000000000000e+00 0.000000000000000000e+00 0.000000000000000000e+00 0.000000000000000000e+00 0.000000000000000000e+00 0.000000000000000000e+00 0.000000000000000000e+00 0.000000000000000000e+00 2.680997366882670728e-05 3.818414934164446437e-05 5.286678663749650679e-05 7.115341831926021415e-05 9.309399884329489731e-05 1.184024431584903550e-04 1.463904356945515493e-04 1.759453543533788305e-04 2.055682158176877711e-04 2.334786589923628654e-04 2.577813390600918017e-04 2.766743012681157341e-04 2.886683898027380562e-04 2.927808713891030985e-04 2.886683898027380562e-04 2.766743012681157341e-04 2.577813390600918017e-04 2.334786589923628654e-04 2.055682158176877711e-04 1.759453543533788305e-04 1.463904356945515493e-04 1.184024431584903550e-04 9.309399884329489731e-05 7.115341831926021415e-05 5.286678663749650679e-05 3.818414934164446437e-05 2.680997366882670728e-05 0.000000000000000000e+00 0.000000000000000000e+00 0.000000000000000000e+00 0.000000000000000000e+00 0.000000000000000000e+00 0.000000000000000000e+00 0.000000000000000000e+00 0.000000000000000000e+00 0.000000000000000000e+00 0.000000000000000000e+00 0.000000000000000000e+00 0.000000000000000000e+00 0.000000000000000000e+00 0.000000000000000000e+00 0.000000000000000000e+00 0.000000000000000000e+00 0.000000000000000000e+00 0.000000000000000000e+00 0.000000000000000000e+00 0.000000000000000000e+00 0.000000000000000000e+00 0.000000000000000000e+00 0.000000000000000000e+00 0.000000000000000000e+00 0.000000000000000000e+00 0.000000000000000000e+00 0.000000000000000000e+00 0.000000000000000000e+00 0.000000000000000000e+00
0.000000000000000000e+00 0.000000000000000000e+00 0.000000000000000000e+00 0.000000000000000000e+00 0.000000000000000000e+00 0.000000000000000000e+00 0.000000000000000000e+00 0.000000000000000000e+00 0.000000000000000000e+00 0.000000000000000000e+00 1.586964820819099749e-05 2.452697515151023585e-05 3.620911189461770179e-05 5.106095640733584464e-05 6.877921389381266870e-05 8.849580022985133556e-05 1.087640332798308539e-04 1.276865455898695443e-04 1.431865291446894986e-04 1.533756358938199147e-04 1.569306527298751450e-04 1.533756358938199147e-04 1.431865291446894986e-04 1.276865455898695443e-04 1.087640332798308539e-04 8.849580022985133556e-05 6.877921389381266870e-05 5.106095640733584464e-05 3.620911189461770179e-05 2.452697515151023585e-05 1.586964820819099749e-05 0.000000000000000000e+00 0.000000000000000000e+00 0.000000000000000000e+00 0.000000000000000000e+00 0.000000000000000000e+00 0.000000000000000000e+00 0.000000000000000000e+00 0.000000000000000000e+00 0.000000000000000000e+00 0.000000000000000000e+00 0.000000000000000000e+00 0.000000000000000000e+00 0.000000000000000000e+00 2.719191892829665689e-05 3.872813550918374791e-05 5.361994733765340778e-05 7.216709745068451405e-05 9.442025197515240703e-05 1.200892501816031987e-04 1.484759704897717879e-04 1.784519399566005535e-04 2.084968201684096051e-04 2.368048863169807099e-04 2.614537917692976734e-04 2.806159104278961678e-04 2.927808713891030985e-04 2.969519409795435758e-04 2.927808713891030985e-04 2.806159104278961678e-04 2.614537917692976734e-04 2.368048863169807099e-04 2.084968201684096051e-04 1.784519399566005535e-04 1.484759704897717879e-04 1.200892501816031987e-04 9.442025197515240703e-05 7.216709745068451405e-05 5.361994733765340778e-05 3.872813550918374791e-05 2.719191892829665689e-05 0.000000000000000000e+00 0.000000000000000000e+00 0.000000000000000000e+00 0.000000000000000000e+00 0.000000000000000000e+00 0.000000000000000000e+00 0.000000000000000000e+00 0.000000000000000000e+00 0.000000000000000000e+00 0.000000000000000000e+00 0.000000000000000000e+00 0.000000000000000000e+00 0.000000000000000000e+00 0.000000000000000000e+00 0.000000000000000000e+00 0.000000000000000000e+00 0.000000000000000000e+00 0.000000000000000000e+00 0.000000000000000000e+00 0.000000000000000000e+00 0.000000000000000000e+00 0.000000000000000000e+00 0.000000000000000000e+00 0.000000000000000000e+00 0.000000000000000000e+00 0.000000000000000000e+00 0.000000000000000000e+00 0.000000000000000000e+00 0.000000000000000000e+00
0.000000000000000000e+00 0.000000000000000000e+00 0.000000000000000000e+00 0.000000000000000000e+00 0.000000000000000000e+00 0.000000000000000000e+00 0.000000000000000000e+00 0.000000000000000000e+00 0.000000000000000000e+00 0.000000000000000000e+00 1.125372316011008769e-05 1.739293679916168348e-05 2.567714896951247468e-05 3.620911189461770179e-05 4.877374861601903750e-05 6.275547028856784555e-05 7.712838395979429494e-05 9.054699993900915437e-05 1.015385809510048346e-04 1.087640332798308539e-04 1.112850201837400850e-04 1.087640332798308539e-04 1.015385809510048346e-04 9.054699993900915437e-05 7.712838395979429494e-05 6.275547028856784555e-05 4.877374861601903750e-05 3.620911189461770179e-05 2.567714896951247468e-05 1.739293679916168348e-05 1.125372316011008769e-05 0.000000000000000000e+00 0.000000000000000000e+00 0.000000000000000000e+00 0.000000000000000000e+00 0.000000000000000000e+00 0.000000000000000000e+00 0.000000000000000000e+00 0.000000000000000000e+00 0.000000000000000000e+00 0.000000000000000000e+00 0.000000000000000000e+00 0.000000000000000000e+00 0.000000000000000000e+00 2.680997366882670728e-05 3.818414934164446437e-05 5.286678663749650679e-05 7.115341831926021415e-05 9.309399884329489731e-05 1.184024431584903550e-04 1.463904356945515493e-04 1.759453543533788305e-04 2.055682158176877711e-04 2.334786589923628654e-04 2.577813390600918017e-04 2.766743012681157341e-04 2.886683898027380562e-04 2.927808713891030985e-04 2.886683898027380562e-04 2.766743012681157341e-04 2.577813390600918017e-04 2.334786589923628654e-04 2.055682158176877711e-04 1.759453543533788305e-04 1.463904356945515493e-04 1.184024431584903550e-04 9.309399884329489731e-05 7.115341831926021415e-05 5.286678663749650679e-05 3.818414934164446437e-05 2.680997366882670728e-05 0.000000000000000000e+00 0.000000000000000000e+00 3.057666954562820092e-06 4.459277475263379334e-06 6.293451263787145911e-06 8.595344925213950268e-06 1.136024779745392723e-05 1.452989109865210791e-05 1.798402813542706913e-05 2.154079098817432997e-05 2.496815085113402580e-05 2.800665049696965015e-05 3.040087077323968442e-05 3.193455981505993226e-05 3.246279464979816152e-05 3.193455981505993226e-05 3.040087077323968442e-05 2.800665049696965015e-05 2.496815085113402580e-05 2.154079098817432997e-05 1.798402813542706913e-05 1.452989109865210791e-05 1.136024779745392723e-05 8.595344925213950268e-06 6.293451263787145911e-06 4.459277475263379334e-06 3.057666954562820092e-06 0.000000000000000000e+00 0.000000000000000000e+00
0.000000000000000000e+00 0.000000000000000000e+00 0.000000000000000000e+00 0.000000000000000000e+00 0.000000000000000000e+00 0.000000000000000000e+00 0.000000000000000000e+00 0.000000000000000000e+00 0.000000000000000000e+00 0.000000000000000000e+00 7.622937262679018205e-06 1.178145793595777421e-05 1.739293679916168348e-05 2.452697515151023585e-05 3.303788626003076572e-05 4.250868855520967558e-05 5.224447267206273475e-05 6.133384392335772728e-05 6.877921389381266870e-05 7.367352033919884993e-05 7.538116186681819613e-05 7.367352033919884993e-05 6.877921389381266870e-05 6.133384392335772728e-05 5.224447267206273475e-05 4.250868855520967558e-05 3.303788626003076572e-05 2.452697515151023585e-05 1.739293679916168348e-05 1.178145793595777421e-05 7.622937262679018205e-06 0.000000000000000000e+00 0.000000000000000000e+00 0.000000000000000000e+00 0.000000000000000000e+00 0.000000000000000000e+00 0.000000000000000000e+00 0.000000000000000000e+00 0.000000000000000000e+00 0.000000000000000000e+00 0.000000000000000000e+00 0.000000000000000000e+00 0.000000000000000000e+00 0.000000000000000000e+00 2.569602697721097139e-05 3.659760892363789409e-05 5.067018686464148475e-05 6.819701426183846630e-05 8.922596997830029031e-05 1.134828557144721361e-04 1.403079552139480839e-04 1.686348755066578655e-04 1.970269156008315015e-04 2.237776878925728282e-04 2.470705985963609057e-04 2.651785636609180988e-04 2.766743012681157341e-04 2.806159104278961678e-04 2.766743012681157341e-04 2.651785636609180988e-04 2.470705985963609057e-04 2.237776878925728282e-04 1.970269156008315015e-04 1.686348755066578655e-04 1.403079552139480839e-04 1.134828557144721361e-04 8.922596997830029031e-05 6.819701426183846630e-05 5.067018686464148475e-05 3.659760892363789409e-05 2.569602697721097139e-05 0.000000000000000000e+00 0.000000000000000000e+00 4.459277475263379334e-06 6.503375252074984306e-06 9.178319901843734547e-06 1.253538354133998694e-05 1.656769617796380724e-05 2.119027907783146747e-05 2.622776540758965969e-05 3.141492042146104763e-05 3.641335513120306193e-05 4.084467915393587961e-05 4.433639120349633838e-05 4.657311125832165702e-05 4.734348479317723165e-05 4.657311125832165702e-05 4.433639120349633838e-05 4.084467915393587961e-05 3.641335513120306193e-05 3.141492042146104763e-05 2.622776540758965969e-05 2.119027907783146747e-05 1.656769617796380724e-05 1.253538354133998694e-05 9.178319901843734547e-06 6.503375252074984306e-06 4.459277475263379334e-06 0.000000000000000000e+00 0.000000000000000000e+00
0.000000000000000000e+00 0.000000000000000000e+00 0.000000000000000000e+00 0.000000000000000000e+00 0.000000000000000000e+00 0.000000000000000000e+00 0.000000000000000000e+00 0.000000000000000000e+00 0.000000000000000000e+00 0.000000000000000000e+00 4.932256502260838878e-06 7.622937262679018205e-06 1.125372316011008769e-05 1.586964820819099749e-05 2.137644896079373991e-05 2.750432652194350936e-05 3.380365483336137853e-05 3.968473569639694549e-05 4.450210112695124299e-05 4.766885613981217297e-05 4.877374861601903750e-05 4.766885613981217297e-05 4.450210112695124299e-05 3.968473569639694549e-05 3.380365483336137853e-05 2.750432652194350936e-05 2.137644896079373991e-05 1.586964820819099749e-05 1.125372316011008769e-05 7.622937262679018205e-06 4.932256502260838878e-06 0.000000000000000000e+00 0.000000000000000000e+00 0.000000000000000000e+00 0.000000000000000000e+00 0.000000000000000000e+00 0.000000000000000000e+00 0.000000000000000000e+00 0.000000000000000000e+00 0.000000000000000000e+00 0.000000000000000000e+00 0.000000000000000000e+00 0.000000000000000000e+00 0.000000000000000000e+00 2.394134985558574183e-05 3.409850713091922637e-05 4.721012598757618996e-05 6.354011766087659793e-05 8.313309156115842701e-05 1.057335732749930000e-04 1.307268958846488367e-04 1.571194860566827204e-04 1.835727492639198258e-04 2.084968201684096051e-04 2.301991527822757049e-04 2.470705985963609057e-04 2.577813390600918017e-04 2.614537917692976734e-04 2.577813390600918017e-04 2.470705985963609057e-04 2.301991527822757049e-04 2.084968201684096051e-04 1.835727492639198258e-04 1.571194860566827204e-04 1.307268958846488367e-04 1.057335732749930000e-04 8.313309156115842701e-05 6.354011766087659793e-05 4.721012598757618996e-05 3.409850713091922637e-05 2.394134985558574183e-05 0.000000000000000000e+00 0.000000000000000000e+00 6.293451263787145911e-06 9.178319901843734547e-06 1.295351305365662456e-05 1.769139189654109139e-05 2.338226069753361613e-05 2.990618757907726889e-05 3.701567445989863348e-05 4.433639120349633838e-05 5.139076389402404626e-05 5.764476399287886757e-05 6.257267434001175118e-05 6.572939395072560469e-05 6.681663472536224083e-05 6.572939395072560469e-05 6.257267434001175118e-05 5.764476399287886757e-05 5.139076389402404626e-05 4.433639120349633838e-05 3.701567445989863348e-05 2.990618757907726889e-05 2.338226069753361613e-05 1.769139189654109139e-05 1.295351305365662456e-05 9.178319901843734547e-06 6.293451263787145911e-06 0.000000000000000000e+00 0.000000000000000000e+00
