0.000000000000000000e+00 0.000000000000000000e+00 0.000000000000000000e+00 0.000000000000000000e+00 0.000000000000000000e+00 0.000000000000000000e+00 0.000000000000000000e+00 0.000000000000000000e+00 0.000000000000000000e+00 0.000000000000000000e+00 0.000000000000000000e+00 0.000000000000000000e+00 0.000000000000000000e+00 0.000000000000000000e+00 0.000000000000000000e+00 0.000000000000000000e+00 0.000000000000000000e+00 0.000000000000000000e+00 0.000000000000000000e+00 0.000000000000000000e+00 0.000000000000000000e+00 0.000000000000000000e+00 0.000000000000000000e+00 0.000000000000000000e+00 0.000000000000000000e+00 0.000000000000000000e+00 0.000000000000000000e+00 0.000000000000000000e+00 0.000000000000000000e+00 0.000000000000000000e+00 0.000000000000000000e+00 0.000000000000000000e+00 0.000000000000000000e+00 0.000000000000000000e+00 2.194212488815674940e-05 3.666602790094802903e-05 5.721602584519179996e-05 8.337582720133419813e-05 1.134569919118423961e-04 1.441753507073725339e-04 1.710879452494559348e-04 1.895904454195597216e-04 1.961923755142262759e-04 1.895904454195597216e-04 1.710879452494559348e-04 1.441753507073725339e-04 1.134569919118423961e-04 8.337582720133419813e-05 5.721602584519179996e-05 3.666602790094802903e-05 2.194212488815674940e-05 0.000000000000000000e+00 0.000000000000000000e+00 0.000000000000000000e+00 0.000000000000000000e+00 0.000000000000000000e+00 0.000000000000000000e+00 0.000000000000000000e+00 0.000000000000000000e+00 0.000000000000000000e+00 0.000000000000000000e+00 0.000000000000000000e+00 0.000000000000000000e+00 0.000000000000000000e+00 0.000000000000000000e+00 0.000000000000000000e+00 0.000000000000000000e+00 0.000000000000000000e+00 0.000000000000000000e+00 0.000000000000000000e+00 0.000000000000000000e+00 0.000000000000000000e+00 0.000000000000000000e+00 0.000000000000000000e+00 0.000000000000000000e+00 0.000000000000000000e+00 0.000000000000000000e+00 0.000000000000000000e+00 0.000000000000000000e+00 0.000000000000000000e+00 0.000000000000000000e+00 0.000000000000000000e+00 0.000000000000000000e+00 0.000000000000000000e+00 0.000000000000000000e+00 0.000000000000000000e+00 0.000000000000000000e+00 0.000000000000000000e+00 0.000000000000000000e+00 0.000000000000000000e+00 0.000000000000000000e+00 0.000000000000000000e+00 0.000000000000000000e+00 0.000000000000000000e+00 0.000000000000000000e+00 0.000000000000000000e+00 0.000000000000000000e+00 0.000000000000000000e+00 0.000000000000000000e+00 0.000000000000000000e+00
0.000000000000000000e+00 0.000000000000000000e+00 0.000000000000000000e+00 0.000000000000000000e+00 0.000000000000000000e+00 0.000000000000000000e+00 0.000000000000000000e+00 0.000000000000000000e+00 0.000000000000000000e+00 0.000000000000000000e+00 0.000000000000000000e+00 0.000000000000000000e+00 0.000000000000000000e+00 0.000000000000000000e+00 0.000000000000000000e+00 0.000000000000000000e+00 0.000000000000000000e+00 0.000000000000000000e+00 0.000000000000000000e+00 0.000000000000000000e+00 0.000000000000000000e+00 0.000000000000000000e+00 0.000000000000000000e+00 0.000000000000000000e+00 0.000000000000000000e+00 0.000000000000000000e+00 0.000000000000000000e+00 0.000000000000000000e+00 0.000000000000000000e+00 0.000000000000000000e+00 0.000000000000000000e+00 0.000000000000000000e+00 0.000000000000000000e+00 0.000000000000000000e+00 3.197430765385448888e-05 5.343014236431180828e-05 8.337582720133419813e-05 1.214961797646579562e-04 1.653307864831350378e-04 2.100939194867170270e-04 2.493112506266231864e-04 2.762732990070747990e-04 2.858937047349652174e-04 2.762732990070747990e-04 2.493112506266231864e-04 2.100939194867170270e-04 1.653307864831350378e-04 1.214961797646579562e-04 8.337582720133419813e-05 5.343014236431180828e-05 3.197430765385448888e-05 0.000000000000000000e+00 0.000000000000000000e+00 0.000000000000000000e+00 0.000000000000000000e+00 0.000000000000000000e+00 0.000000000000000000e+00 0.000000000000000000e+00 0.000000000000000000e+00 0.000000000000000000e+00 0.000000000000000000e+00 0.000000000000000000e+00 3.245602970141519845e-05 6.491205940283045111e-05 1.112909446753552209e-04 1.635681400673049258e-04 2.060829427629505073e-04 2.225818893507103876e-04 2.060829427629505073e-04 1.635681400673049258e-04 1.112909446753552209e-04 6.491205940283045111e-05 3.245602970141519845e-05 0.000000000000000000e+00 0.000000000000000000e+00 0.000000000000000000e+00 0.000000000000000000e+00 0.000000000000000000e+00 0.000000000000000000e+00 0.000000000000000000e+00 0.000000000000000000e+00 0.000000000000000000e+00 0.000000000000000000e+00 0.000000000000000000e+00 0.000000000000000000e+00 0.000000000000000000e+00 0.000000000000000000e+00 0.000000000000000000e+00 0.000000000000000000e+00 0.000000000000000000e+00 0.000000000000000000e+00 0.000000000000000000e+00 0.000000000000000000e+00 0.000000000000000000e+00 0.000000000000000000e+00 0.000000000000000000e+00 0.000000000000000000e+00 0.000000000000000000e+00 0.000000000000000000e+00 0.000000000000000000e+00
0.000000000000000000e+00 0.000000000000000000e+00 0.000000000000000000e+00 0.000000000000000000e+00 0.000000000000000000e+00 0.000000000000000000e+00 0.000000000000000000e+00 0.000000000000000000e+00 0.000000000000000000e+00 0.000000000000000000e+00 0.000000000000000000e+00 0.000000000000000000e+00 0.000000000000000000e+00 0.000000000000000000e+00 0.000000000000000000e+00 0.000000000000000000e+00 0.000000000000000000e+00 0.000000000000000000e+00 0.000000000000000000e+00 0.000000000000000000e+00 0.000000000000000000e+00 0.000000000000000000e+00 0.000000000000000000e+00 0.000000000000000000e+00 0.000000000000000000e+00 0.000000000000000000e+00 0.000000000000000000e+00 0.000000000000000000e+00 0.000000000000000000e+00 0.000000000000000000e+00 0.000000000000000000e+00 0.000000000000000000e+00 0.000000000000000000e+00 0.000000000000000000e+00 4.351031811786422638e-05 7.270720343724879769e-05 1.134569919118423961e-04 1.653307864831350378e-04 2.249804809672151967e-04 2.858937047349652174e-04 3.392602567836767069e-04 3.759499426040129521e-04 3.890412945161465688e-04 3.759499426040129521e-04 3.392602567836767069e-04 2.858937047349652174e-04 2.249804809672151967e-04 1.653307864831350378e-04 1.134569919118423961e-04 7.270720343724879769e-05 4.351031811786422638e-05 0.000000000000000000e+00 0.000000000000000000e+00 0.000000000000000000e+00 0.000000000000000000e+00 0.000000000000000000e+00 0.000000000000000000e+00 0.000000000000000000e+00 0.000000000000000000e+00 0.000000000000000000e+00 0.000000000000000000e+00 0.000000000000000000e+00 6.491205940283045111e-05 1.298241188056608209e-04 2.225818893507103876e-04 3.271362801346099601e-04 4.121658855259010146e-04 4.451637787014207752e-04 4.121658855259010146e-04 3.271362801346099601e-04 2.225818893507103876e-04 1.298241188056608209e-04 6.491205940283045111e-05 0.000000000000000000e+00 0.000000000000000000e+00 0.000000000000000000e+00 0.000000000000000000e+00 0.000000000000000000e+00 0.000000000000000000e+00 6.354956655945677695e-05 1.381230589571637009e-04 2.404862135586852633e-04 3.354166232055672318e-04 3.747566790031964029e-04 3.354166232055672318e-04 2.404862135586852633e-04 1.381230589571637009e-04 6.354956655945677695e-05 0.000000000000000000e+00 0.000000000000000000e+00 0.000000000000000000e+00 0.000000000000000000e+00 0.000000000000000000e+00 0.000000000000000000e+00 0.000000000000000000e+00 0.000000000000000000e+00 0.000000000000000000e+00 0.000000000000000000e+00 0.000000000000000000e+00 0.000000000000000000e+00
0.000000000000000000e+00 0.000000000000000000e+00 0.000000000000000000e+00 0.000000000000000000e+00 0.000000000000000000e+00 0.000000000000000000e+00 0.000000000000000000e+00 0.000000000000000000e+00 0.000000000000000000e+00 0.000000000000000000e+00 0.000000000000000000e+00 0.000000000000000000e+00 0.000000000000000000e+00 0.000000000000000000e+00 0.000000000000000000e+00 0.000000000000000000e+00 0.000000000000000000e+00 0.000000000000000000e+00 0.000000000000000000e+00 0.000000000000000000e+00 0.000000000000000000e+00 0.000000000000000000e+00 0.000000000000000000e+00 0.000000000000000000e+00 0.000000000000000000e+00 0.000000000000000000e+00 0.000000000000000000e+00 0.000000000000000000e+00 0.000000000000000000e+00 0.000000000000000000e+00 0.000000000000000000e+00 0.000000000000000000e+00 0.000000000000000000e+00 0.000000000000000000e+00 5.529069005202177700e-05 9.239260073687427315e-05 1.441753507073725339e-04 2.100939194867170270e-04 2.858937047349652174e-04 3.632991184643886138e-04 4.311146072061022589e-04 4.777379860860966171e-04 4.943738074785064681e-04 4.777379860860966171e-04 4.311146072061022589e-04 3.632991184643886138e-04 2.858937047349652174e-04 2.100939194867170270e-04 1.441753507073725339e-04 9.239260073687427315e-05 5.529069005202177700e-05 0.000000000000000000e+00 0.000000000000000000e+00 0.000000000000000000e+00 0.000000000000000000e+00 0.000000000000000000e+00 0.000000000000000000e+00 0.000000000000000000e+00 0.000000000000000000e+00 0.000000000000000000e+00 0.000000000000000000e+00 0.000000000000000000e+00 1.112909446753552209e-04 2.225818893507103876e-04 3.816139706759299273e-04 5.608712154366631963e-04 7.066534506087740475e-04 7.632279413518598546e-04 7.066534506087740475e-04 5.608712154366631963e-04 3.816139706759299273e-04 2.225818893507103876e-04 1.112909446753552209e-04 0.000000000000000000e+00 0.000000000000000000e+00 0.000000000000000000e+00 0.000000000000000000e+00 0.000000000000000000e+00 0.000000000000000000e+00 1.381230589571637009e-04 3.002062869749838343e-04 5.226895044622201615e-04 7.290178758165137031e-04 8.145222960745214860e-04 7.290178758165137031e-04 5.226895044622201615e-04 3.002062869749838343e-04 1.381230589571637009e-04 0.000000000000000000e+00 0.000000000000000000e+00 0.000000000000000000e+00 0.000000000000000000e+00 0.000000000000000000e+00 0.000000000000000000e+00 0.000000000000000000e+00 0.000000000000000000e+00 0.000000000000000000e+00 0.000000000000000000e+00 0.000000000000000000e+00 0.000000000000000000e+00
0.000000000000000000e+00 0.000000000000000000e+00 0.000000000000000000e+00 0.000000000000000000e+00 0.000000000000000000e+00 0.000000000000000000e+00 0.000000000000000000e+00 0.000000000000000000e+00 0.000000000000000000e+00 0.000000000000000000e+00 0.000000000000000000e+00 0.000000000000000000e+00 0.000000000000000000e+00 0.000000000000000000e+00 0.000000000000000000e+00 0.000000000000000000e+00 0.000000000000000000e+00 0.000000000000000000e+00 0.000000000000000000e+00 0.000000000000000000e+00 0.000000000000000000e+00 0.000000000000000000e+00 0.000000000000000000e+00 0.000000000000000000e+00 0.000000000000000000e+00 0.000000000000000000e+00 0.000000000000000000e+00 0.000000000000000000e+00 0.000000000000000000e+00 0.000000000000000000e+00 0.000000000000000000e+00 0.000000000000000000e+00 0.000000000000000000e+00 0.000000000000000000e+00 6.561156609651460074e-05 1.096391313686388388e-04 1.710879452494559348e-04 2.493112506266231864e-04 3.392602567836767069e-04 4.311146072061022589e-04 5.115889224616717136e-04 5.669152875721345918e-04 5.866564464151682477e-04 5.669152875721345918e-04 5.115889224616717136e-04 4.311146072061022589e-04 3.392602567836767069e-04 2.493112506266231864e-04 1.710879452494559348e-04 1.096391313686388388e-04 6.561156609651460074e-05 0.000000000000000000e+00 0.000000000000000000e+00 0.000000000000000000e+00 0.000000000000000000e+00 0.000000000000000000e+00 0.000000000000000000e+00 0.000000000000000000e+00 0.000000000000000000e+00 0.000000000000000000e+00 0.000000000000000000e+00 0.000000000000000000e+00 1.635681400673049258e-04 3.271362801346099601e-04 5.608712154366631963e-04 8.243317710518020293e-04 1.038592950445286567e-03 1.121742430873326393e-03 1.038592950445286567e-03 8.243317710518020293e-04 5.608712154366631963e-04 3.271362801346099601e-04 1.635681400673049258e-04 0.000000000000000000e+00 0.000000000000000000e+00 0.000000000000000000e+00 0.000000000000000000e+00 0.000000000000000000e+00 0.000000000000000000e+00 2.404862135586852633e-04 5.226895044622201615e-04 9.100552850771155599e-04 1.269293844890019389e-03 1.418165687329854367e-03 1.269293844890019389e-03 9.100552850771155599e-04 5.226895044622201615e-04 2.404862135586852633e-04 0.000000000000000000e+00 0.000000000000000000e+00 0.000000000000000000e+00 0.000000000000000000e+00 0.000000000000000000e+00 0.000000000000000000e+00 0.000000000000000000e+00 0.000000000000000000e+00 0.000000000000000000e+00 0.000000000000000000e+00 0.000000000000000000e+00 0.000000000000000000e+00
0.000000000000000000e+00 0.000000000000000000e+00 0.000000000000000000e+00 0.000000000000000000e+00 0.000000000000000000e+00 0.000000000000000000e+00 0.000000000000000000e+00 0.000000000000000000e+00 0.000000000000000000e+00 0.000000000000000000e+00 0.000000000000000000e+00 0.000000000000000000e+00 0.000000000000000000e+00 0.000000000000000000e+00 0.000000000000000000e+00 0.000000000000000000e+00 0.000000000000000000e+00 0.000000000000000000e+00 0.000000000000000000e+00 0.000000000000000000e+00 0.000000000000000000e+00 0.000000000000000000e+00 0.000000000000000000e+00 0.000000000000000000e+00 0.000000000000000000e+00 0.000000000000000000e+00 0.000000000000000000e+00 0.000000000000000000e+00 0.000000000000000000e+00 0.000000000000000000e+00 0.000000000000000000e+00 0.000000000000000000e+00 0.000000000000000000e+00 0.000000000000000000e+00 7.270720343724879769e-05 1.214961797646579562e-04 1.895904454195597216e-04 2.762732990070747990e-04 3.759499426040129521e-04 4.777379860860966171e-04 5.669152875721345918e-04 6.282249852801979591e-04 6.501010741694059026e-04 6.282249852801979591e-04 5.669152875721345918e-04 4.777379860860966171e-04 3.759499426040129521e-04 2.762732990070747990e-04 1.895904454195597216e-04 1.214961797646579562e-04 7.270720343724879769e-05 0.000000000000000000e+00 0.000000000000000000e+00 0.000000000000000000e+00 0.000000000000000000e+00 0.000000000000000000e+00 0.000000000000000000e+00 0.000000000000000000e+00 0.000000000000000000e+00 0.000000000000000000e+00 0.000000000000000000e+00 0.000000000000000000e+00 2.060829427629505073e-04 4.121658855259010146e-04 7.066534506087740475e-04 1.038592950445286567e-03 1.308545120538439624e-03 1.413306901217548095e-03 1.308545120538439624e-03 1.038592950445286567e-03 7.066534506087740475e-04 4.121658855259010146e-04 2.060829427629505073e-04 0.000000000000000000e+00 0.000000000000000000e+00 0.000000000000000000e+00 0.000000000000000000e+00 0.000000000000000000e+00 0.000000000000000000e+00 3.354166232055672318e-04 7.290178758165137031e-04 1.269293844890019389e-03 1.770339550897908568e-03 1.977977610238783237e-03 1.770339550897908568e-03 1.269293844890019389e-03 7.290178758165137031e-04 3.354166232055672318e-04 0.000000000000000000e+00 0.000000000000000000e+00 0.000000000000000000e+00 0.000000000000000000e+00 0.000000000000000000e+00 0.000000000000000000e+00 0.000000000000000000e+00 0.000000000000000000e+00 0.000000000000000000e+00 0.000000000000000000e+00 0.000000000000000000e+00 0.000000000000000000e+00
0.000000000000000000e+00 0.000000000000000000e+00 0.000000000000000000e+00 0.000000000000000000e+00 0.000000000000000000e+00 0.000000000000000000e+00 0.000000000000000000e+00 0.000000000000000000e+00 0.000000000000000000e+00 0.000000000000000000e+00 0.000000000000000000e+00 0.000000000000000000e+00 0.000000000000000000e+00 0.000000000000000000e+00 0.000000000000000000e+00 0.000000000000000000e+00 0.000000000000000000e+00 0.000000000000000000e+00 0.000000000000000000e+00 0.000000000000000000e+00 0.000000000000000000e+00 0.000000000000000000e+00 0.000000000000000000e+00 0.000000000000000000e+00 0.000000000000000000e+00 0.000000000000000000e+00 0.000000000000000000e+00 0.000000000000000000e+00 0.000000000000000000e+00 0.000000000000000000e+00 0.000000000000000000e+00 0.000000000000000000e+00 0.000000000000000000e+00 0.000000000000000000e+00 7.523901812553213781e-05 1.257269271728423223e-04 1.961923755142262759e-04 2.858937047349652174e-04 3.890412945161465688e-04 4.943738074785064681e-04 5.866564464151682477e-04 6.501010741694059026e-04 6.727389335648840171e-04 6.501010741694059026e-04 5.866564464151682477e-04 4.943738074785064681e-04 3.890412945161465688e-04 2.858937047349652174e-04 1.961923755142262759e-04 1.257269271728423223e-04 7.523901812553213781e-05 0.000000000000000000e+00 0.000000000000000000e+00 0.000000000000000000e+00 0.000000000000000000e+00 0.000000000000000000e+00 0.000000000000000000e+00 0.000000000000000000e+00 0.000000000000000000e+00 0.000000000000000000e+00 0.000000000000000000e+00 0.000000000000000000e+00 2.225818893507103876e-04 4.451637787014207752e-04 7.632279413518598546e-04 1.121742430873326393e-03 1.413306901217548095e-03 1.526455882703719709e-03 1.413306901217548095e-03 1.121742430873326393e-03 7.632279413518598546e-04 4.451637787014207752e-04 2.225818893507103876e-04 0.000000000000000000e+00 0.000000000000000000e+00 0.000000000000000000e+00 0.000000000000000000e+00 0.000000000000000000e+00 0.000000000000000000e+00 3.747566790031964029e-04 8.145222960745214860e-04 1.418165687329854367e-03 1.977977610238783237e-03 2.209968943314619214e-03 1.977977610238783237e-03 1.418165687329854367e-03 8.145222960745214860e-04 3.747566790031964029e-04 0.000000000000000000e+00 0.000000000000000000e+00 0.000000000000000000e+00 0.000000000000000000e+00 0.000000000000000000e+00 0.000000000000000000e+00 0.000000000000000000e+00 0.000000000000000000e+00 0.000000000000000000e+00 0.000000000000000000e+00 0.000000000000000000e+00 0.000000000000000000e+00
0.000000000000000000e+00 0.000000000000000000e+00 0.000000000000000000e+00 0.000000000000000000e+00 0.000000000000000000e+00 0.000000000000000000e+00 0.000000000000000000e+00 0.000000000000000000e+00 0.000000000000000000e+00 0.000000000000000000e+00 0.000000000000000000e+00 0.000000000000000000e+00 0.000000000000000000e+00 0.000000000000000000e+00 0.000000000000000000e+00 0.000000000000000000e+00 0.000000000000000000e+00 0.000000000000000000e+00 0.000000000000000000e+00 0.000000000000000000e+00 0.000000000000000000e+00 0.000000000000000000e+00 0.000000000000000000e+00 0.000000000000000000e+00 0.000000000000000000e+00 0.000000000000000000e+00 0.000000000000000000e+00 0.000000000000000000e+00 0.000000000000000000e+00 0.000000000000000000e+00 0.000000000000000000e+00 0.000000000000000000e+00 0.000000000000000000e+00 0.000000000000000000e+00 7.270720343724879769e-05 1.214961797646579562e-04 1.895904454195597216e-04 2.762732990070747990e-04 3.759499426040129521e-04 4.777379860860966171e-04 5.669152875721345918e-04 6.282249852801979591e-04 6.501010741694059026e-04 6.282249852801979591e-04 5.669152875721345918e-04 4.777379860860966171e-04 3.759499426040129521e-04 2.762732990070747990e-04 1.895904454195597216e-04 1.214961797646579562e-04 7.270720343724879769e-05 0.000000000000000000e+00 0.000000000000000000e+00 0.000000000000000000e+00 0.000000000000000000e+00 0.000000000000000000e+00 0.000000000000000000e+00 0.000000000000000000e+00 0.000000000000000000e+00 0.000000000000000000e+00 0.000000000000000000e+00 0.000000000000000000e+00 2.060829427629505073e-04 4.121658855259010146e-04 7.066534506087740475e-04 1.038592950445286567e-03 1.308545120538439624e-03 1.413306901217548095e-03 1.308545120538439624e-03 1.038592950445286567e-03 7.066534506087740475e-04 4.121658855259010146e-04 2.060829427629505073e-04 0.000000000000000000e+00 0.000000000000000000e+00 0.000000000000000000e+00 0.000000000000000000e+00 0.000000000000000000e+00 0.000000000000000000e+00 3.354166232055672318e-04 7.290178758165137031e-04 1.269293844890019389e-03 1.770339550897908568e-03 1.977977610238783237e-03 1.770339550897908568e-03 1.269293844890019389e-03 7.290178758165137031e-04 3.354166232055672318e-04 0.000000000000000000e+00 0.000000000000000000e+00 0.000000000000000000e+00 0.000000000000000000e+00 0.000000000000000000e+00 0.000000000000000000e+00 0.000000000000000000e+00 0.000000000000000000e+00 0.000000000000000000e+00 0.000000000000000000e+00 0.000000000000000000e+00 0.000000000000000000e+00
0.000000000000000000e+00 0.000000000000000000e+00 0.000000000000000000e+00 0.000000000000000000e+00 0.000000000000000000e+00 0.000000000000000000e+00 0.000000000000000000e+00 0.000000000000000000e+00 0.000000000000000000e+00 0.000000000000000000e+00 0.000000000000000000e+00 0.000000000000000000e+00 0.000000000000000000e+00 0.000000000000000000e+00 0.000000000000000000e+00 0.000000000000000000e+00 0.000000000000000000e+00 0.000000000000000000e+00 0.000000000000000000e+00 0.000000000000000000e+00 0.000000000000000000e+00 0.000000000000000000e+00 0.000000000000000000e+00 0.000000000000000000e+00 0.000000000000000000e+00 0.000000000000000000e+00 0.000000000000000000e+00 0.000000000000000000e+00 0.000000000000000000e+00 0.000000000000000000e+00 0.000000000000000000e+00 0.000000000000000000e+00 0.000000000000000000e+00 0.000000000000000000e+00 6.561156609651460074e-05 1.096391313686388388e-04 1.710879452494559348e-04 2.493112506266231864e-04 3.392602567836767069e-04 4.311146072061022589e-04 5.115889224616717136e-04 5.669152875721345918e-04 5.866564464151682477e-04 5.669152875721345918e-04 5.115889224616717136e-04 4.311146072061022589e-04 3.392602567836767069e-04 2.493112506266231864e-04 1.710879452494559348e-04 1.096391313686388388e-04 6.561156609651460074e-05 0.000000000000000000e+00 1.425373863100633798e-05 2.656081764061410261e-05 4.419837831016151022e-05 6.567853775801436454e-05 8.715511118026845734e-05 1.032795870586805290e-04 1.092919991381646538e-04 1.032795870586805290e-04 8.715511118026845734e-05 6.567853775801436454e-05 2.077665183774664293e-04 3.536970977752241000e-04 5.751249540676694767e-04 8.243317710518020293e-04 1.038592950445286567e-03 1.121742430873326393e-03 1.038592950445286567e-03 8.243317710518020293e-04 5.608712154366631963e-04 3.271362801346099601e-04 1.635681400673049258e-04 0.000000000000000000e+00 0.000000000000000000e+00 0.000000000000000000e+00 0.000000000000000000e+00 0.000000000000000000e+00 0.000000000000000000e+00 2.404862135586852633e-04 5.226895044622201615e-04 9.100552850771155599e-04 1.269293844890019389e-03 1.418165687329854367e-03 1.269293844890019389e-03 9.100552850771155599e-04 5.226895044622201615e-04 2.404862135586852633e-04 0.000000000000000000e+00 0.000000000000000000e+00 0.000000000000000000e+00 0.000000000000000000e+00 0.000000000000000000e+00 0.000000000000000000e+00 0.000000000000000000e+00 0.000000000000000000e+00 0.000000000000000000e+00 0.000000000000000000e+00 0.000000000000000000e+00 0.000000000000000000e+00
3.113811352277052025e-06 4.394572909824441851e-06 6.001932544753198189e-06 7.932600909590881597e-06 1.014589024820887823e-05 1.255783504803213425e-05 1.504144110521914608e-05 1.743468801771191443e-05 1.955640274472247026e-05 2.122823194069803617e-05 2.229917188013312684e-05 2.266802616969018787e-05 2.229917188013312684e-05 2.122823194069803617e-05 1.955640274472247026e-05 1.743468801771191443e-05 1.504144110521914608e-05 1.255783504803213425e-05 1.014589024820887823e-05 7.932600909590881597e-06 6.001932544753198189e-06 4.394572909824441851e-06 3.113811352277052025e-06 2.135098819801019317e-06 0.000000000000000000e+00 0.000000000000000000e+00 0.000000000000000000e+00 0.000000000000000000e+00 0.000000000000000000e+00 0.000000000000000000e+00 0.000000000000000000e+00 0.000000000000000000e+00 0.000000000000000000e+00 0.000000000000000000e+00 5.529069005202177700e-05 9.239260073687427315e-05 1.441753507073725339e-04 2.100939194867170270e-04 2.858937047349652174e-04 3.632991184643886138e-04 4.311146072061022589e-04 4.777379860860966171e-04 4.943738074785064681e-04 4.777379860860966171e-04 4.311146072061022589e-04 3.632991184643886138e-04 2.858937047349652174e-04 2.100939194867170270e-04 1.441753507073725339e-04 9.239260073687427315e-05 5.529069005202177700e-05 0.000000000000000000e+00 2.656081764061410261e-05 4.949417496707310816e-05 8.236050180921485877e-05 1.223872353389465783e-04 1.624072865676729578e-04 1.924540886344193544e-04 2.036577864822259622e-04 1.924540886344193544e-04 1.624072865676729578e-04 1.223872353389465783e-04 1.936514464845700797e-04 2.720760643177835229e-04 4.081747883165440130e-04 5.608712154366631963e-04 7.066534506087740475e-04 7.632279413518598546e-04 7.066534506087740475e-04 5.608712154366631963e-04 3.816139706759299273e-04 2.225818893507103876e-04 1.112909446753552209e-04 0.000000000000000000e+00 0.000000000000000000e+00 0.000000000000000000e+00 0.000000000000000000e+00 0.000000000000000000e+00 0.000000000000000000e+00 1.381230589571637009e-04 3.002062869749838343e-04 5.226895044622201615e-04 7.290178758165137031e-04 8.145222960745214860e-04 7.290178758165137031e-04 5.226895044622201615e-04 3.002062869749838343e-04 1.381230589571637009e-04 0.000000000000000000e+00 0.000000000000000000e+00 0.000000000000000000e+00 0.000000000000000000e+00 0.000000000000000000e+00 0.000000000000000000e+00 0.000000000000000000e+00 0.000000000000000000e+00 0.000000000000000000e+00 0.000000000000000000e+00 0.000000000000000000e+00 0.000000000000000000e+00
4.541158023998646461e-06 6.409010621951355487e-06 8.753171291245106394e-06 1.156884287335670683e-05 1.479668666426131987e-05 1.831424801978451741e-05 2.193631959030493573e-05 2.542661209377626539e-05 2.852090419023041426e-05 3.095908676108776142e-05 3.252093715887433462e-05 3.305887135822249527e-05 3.252093715887433462e-05 3.095908676108776142e-05 2.852090419023041426e-05 2.542661209377626539e-05 2.193631959030493573e-05 1.831424801978451741e-05 1.479668666426131987e-05 1.156884287335670683e-05 8.753171291245106394e-06 6.409010621951355487e-06 4.541158023998646461e-06 3.113811352277052025e-06 0.000000000000000000e+00 0.000000000000000000e+00 0.000000000000000000e+00 0.000000000000000000e+00 0.000000000000000000e+00 0.000000000000000000e+00 0.000000000000000000e+00 0.000000000000000000e+00 0.000000000000000000e+00 0.000000000000000000e+00 4.351031811786422638e-05 7.270720343724879769e-05 1.134569919118423961e-04 1.653307864831350378e-04 2.249804809672151967e-04 2.858937047349652174e-04 3.392602567836767069e-04 3.759499426040129521e-04 3.890412945161465688e-04 3.759499426040129521e-04 3.392602567836767069e-04 2.858937047349652174e-04 2.249804809672151967e-04 1.653307864831350378e-04 1.134569919118423961e-04 7.270720343724879769e-05 4.351031811786422638e-05 0.000000000000000000e+00 4.419837831016151022e-05 8.236050180921485877e-05 1.370515270287536323e-04 2.036577864822259622e-04 2.702529262905198869e-04 3.202521372608148928e-04 3.388955872724181686e-04 3.202521372608148928e-04 2.702529262905198869e-04 2.036577864822259622e-04 2.019635864315840834e-04 2.121846206148757068e-04 2.667802676608718639e-04 3.271362801346099601e-04 4.121658855259010146e-04 4.451637787014207752e-04 4.121658855259010146e-04 3.271362801346099601e-04 2.225818893507103876e-04 1.298241188056608209e-04 6.491205940283045111e-05 0.000000000000000000e+00 0.000000000000000000e+00 0.000000000000000000e+00 0.000000000000000000e+00 0.000000000000000000e+00 0.000000000000000000e+00 6.354956655945677695e-05 1.381230589571637009e-04 2.404862135586852633e-04 3.354166232055672318e-04 3.747566790031964029e-04 3.354166232055672318e-04 2.404862135586852633e-04 1.381230589571637009e-04 6.354956655945677695e-05 0.000000000000000000e+00 0.000000000000000000e+00 0.000000000000000000e+00 0.000000000000000000e+00 0.000000000000000000e+00 0.000000000000000000e+00 0.000000000000000000e+00 0.000000000000000000e+00 0.000000000000000000e+00 0.000000000000000000e+00 0.000000000000000000e+00 0.000000000000000000e+00
6.409010621951355487e-06 9.045141555350886877e-06 1.235349386321339962e-05 1.632729723722371704e-05 2.088280599348836894e-05 2.584719788907428300e-05 3.095908676108776142e-05 3.588499367959836604e-05 4.025201874430478743e-05 4.369306570023560627e-05 4.589733072171554135e-05 4.665652605896511516e-05 4.589733072171554135e-05 4.369306570023560627e-05 4.025201874430478743e-05 3.588499367959836604e-05 3.095908676108776142e-05 2.584719788907428300e-05 2.088280599348836894e-05 1.632729723722371704e-05 1.235349386321339962e-05 9.045141555350886877e-06 6.409010621951355487e-06 4.394572909824441851e-06 0.000000000000000000e+00 0.000000000000000000e+00 0.000000000000000000e+00 0.000000000000000000e+00 0.000000000000000000e+00 0.000000000000000000e+00 0.000000000000000000e+00 0.000000000000000000e+00 0.000000000000000000e+00 0.000000000000000000e+00 3.197430765385448888e-05 5.343014236431180828e-05 8.337582720133419813e-05 1.214961797646579562e-04 1.653307864831350378e-04 2.100939194867170270e-04 2.493112506266231864e-04 2.762732990070747990e-04 2.858937047349652174e-04 2.762732990070747990e-04 2.493112506266231864e-04 2.100939194867170270e-04 1.653307864831350378e-04 1.214961797646579562e-04 8.337582720133419813e-05 5.343014236431180828e-05 3.197430765385448888e-05 0.000000000000000000e+00 6.567853775801436454e-05 1.223872353389465783e-04 2.036577864822259622e-04 3.026343076508597875e-04 4.015943050902611778e-04 4.758928470534728853e-04 5.035969073005255436e-04 4.758928470534728853e-04 4.015943050902611778e-04 3.026343076508597875e-04 2.361138161836411607e-04 1.872992947417770294e-04 1.769694824333696126e-04 1.635681400673049258e-04 2.060829427629505073e-04 2.225818893507103876e-04 2.060829427629505073e-04 1.635681400673049258e-04 1.112909446753552209e-04 6.491205940283045111e-05 3.245602970141519845e-05 0.000000000000000000e+00 0.000000000000000000e+00 0.000000000000000000e+00 0.000000000000000000e+00 0.000000000000000000e+00 0.000000000000000000e+00 0.000000000000000000e+00 0.000000000000000000e+00 0.000000000000000000e+00 0.000000000000000000e+00 0.000000000000000000e+00 0.000000000000000000e+00 0.000000000000000000e+00 0.000000000000000000e+00 0.000000000000000000e+00 0.000000000000000000e+00 0.000000000000000000e+00 0.000000000000000000e+00 0.000000000000000000e+00 0.000000000000000000e+00 0.000000000000000000e+00 0.000000000000000000e+00 0.000000000000000000e+00 0.000000000000000000e+00 0.000000000000000000e+00 0.000000000000000000e+00 0.000000000000000000e+00
8.753171291245106394e-06 1.235349386321339962e-05 1.687190959860338950e-05 2.229917188013312684e-05 2.852090419023041426e-05 3.530107279692591698e-05 4.228268689587713191e-05 4.901029425461246364e-05 5.497460305035876027e-05 5.967424784784380231e-05 6.268474516832405711e-05 6.372162390397463497e-05 6.268474516832405711e-05 5.967424784784380231e-05 5.497460305035876027e-05 4.901029425461246364e-05 4.228268689587713191e-05 3.530107279692591698e-05 2.852090419023041426e-05 2.229917188013312684e-05 1.687190959860338950e-05 1.235349386321339962e-05 8.753171291245106394e-06 6.001932544753198189e-06 0.000000000000000000e+00 0.000000000000000000e+00 0.000000000000000000e+00 0.000000000000000000e+00 0.000000000000000000e+00 0.000000000000000000e+00 0.000000000000000000e+00 0.000000000000000000e+00 0.000000000000000000e+00 0.000000000000000000e+00 2.194212488815674940e-05 3.666602790094802903e-05 5.721602584519179996e-05 8.337582720133419813e-05 1.134569919118423961e-04 1.441753507073725339e-04 1.710879452494559348e-04 1.895904454195597216e-04 1.961923755142262759e-04 1.895904454195597216e-04 1.710879452494559348e-04 1.441753507073725339e-04 1.134569919118423961e-04 8.337582720133419813e-05 5.721602584519179996e-05 3.666602790094802903e-05 2.194212488815674940e-05 0.000000000000000000e+00 8.715511118026845734e-05 1.624072865676729578e-04 2.702529262905198869e-04 4.015943050902611778e-04 5.329137569789060835e-04 6.315075732601675360e-04 6.682707311104973350e-04 6.315075732601675360e-04 5.329137569789060835e-04 4.015943050902611778e-04 2.702529262905198869e-04 1.624072865676729578e-04 8.715511118026845734e-05 0.000000000000000000e+00 0.000000000000000000e+00 0.000000000000000000e+00 0.000000000000000000e+00 0.000000000000000000e+00 0.000000000000000000e+00 0.000000000000000000e+00 0.000000000000000000e+00 0.000000000000000000e+00 0.000000000000000000e+00 0.000000000000000000e+00 0.000000000000000000e+00 0.000000000000000000e+00 0.000000000000000000e+00 0.000000000000000000e+00 0.000000000000000000e+00 0.000000000000000000e+00 0.000000000000000000e+00 0.000000000000000000e+00 0.000000000000000000e+00 0.000000000000000000e+00 0.000000000000000000e+00 0.000000000000000000e+00 0.000000000000000000e+00 0.000000000000000000e+00 0.000000000000000000e+00 0.000000000000000000e+00 0.000000000000000000e+00 0.000000000000000000e+00 0.000000000000000000e+00 0.000000000000000000e+00 0.000000000000000000e+00 0.000000000000000000e+00 0.000000000000000000e+00 0.000000000000000000e+00
1.156884287335670683e-05 1.632729723722371704e-05 2.229917188013312684e-05 2.947224578425202589e-05 3.769535042834765295e-05 4.665652605896511516e-05 5.588394705025356753e-05 6.477565382225438273e-05 7.265852838397834337e-05 7.886992884829608188e-05 8.284882624587497205e-05 8.421924238104923322e-05 8.284882624587497205e-05 7.886992884829608188e-05 7.265852838397834337e-05 6.477565382225438273e-05 5.588394705025356753e-05 4.665652605896511516e-05 3.769535042834765295e-05 2.947224578425202589e-05 2.229917188013312684e-05 1.632729723722371704e-05 1.156884287335670683e-05 7.932600909590881597e-06 0.000000000000000000e+00 0.000000000000000000e+00 0.000000000000000000e+00 0.000000000000000000e+00 0.000000000000000000e+00 0.000000000000000000e+00 0.000000000000000000e+00 0.000000000000000000e+00 0.000000000000000000e+00 0.000000000000000000e+00 1.406128006045094979e-05 2.349687141275081290e-05 3.666602790094802903e-05 5.343014236431180828e-05 7.270720343724879769e-05 9.239260073687427315e-05 1.096391313686388388e-04 1.214961797646579562e-04 1.257269271728423223e-04 1.214961797646579562e-04 1.096391313686388388e-04 9.239260073687427315e-05 7.270720343724879769e-05 5.343014236431180828e-05 3.666602790094802903e-05 2.349687141275081290e-05 1.406128006045094979e-05 0.000000000000000000e+00 1.032795870586805290e-04 1.924540886344193544e-04 3.202521372608148928e-04 4.758928470534728853e-04 6.315075732601675360e-04 7.483421282756102253e-04 7.919067994731698390e-04 7.483421282756102253e-04 6.315075732601675360e-04 4.758928470534728853e-04 3.202521372608148928e-04 1.924540886344193544e-04 1.032795870586805290e-04 0.000000000000000000e+00 0.000000000000000000e+00 0.000000000000000000e+00 0.000000000000000000e+00 0.000000000000000000e+00 0.000000000000000000e+00 0.000000000000000000e+00 0.000000000000000000e+00 0.000000000000000000e+00 0.000000000000000000e+00 0.000000000000000000e+00 0.000000000000000000e+00 0.000000000000000000e+00 0.000000000000000000e+00 0.000000000000000000e+00 0.000000000000000000e+00 0.000000000000000000e+00 3.245602970141519845e-05 6.491205940283045111e-05 1.112909446753552209e-04 1.635681400673049258e-04 2.060829427629505073e-04 2.225818893507103876e-04 2.060829427629505073e-04 1.635681400673049258e-04 1.112909446753552209e-04 6.491205940283045111e-05 3.245602970141519845e-05 0.000000000000000000e+00 0.000000000000000000e+00 0.000000000000000000e+00 0.000000000000000000e+00 0.000000000000000000e+00 0.000000000000000000e+00 0.000000000000000000e+00
1.479668666426131987e-05 2.088280599348836894e-05 2.852090419023041426e-05 3.769535042834765295e-05 4.821279838386743205e-05 5.967424784784380231e-05 7.147622827250374174e-05 8.284882624587497205e-05 9.293111590788868297e-05 1.008755704590368865e-04 1.059646272217325367e-04 1.077174056433775700e-04 1.059646272217325367e-04 1.008755704590368865e-04 9.293111590788868297e-05 8.284882624587497205e-05 7.147622827250374174e-05 5.967424784784380231e-05 4.821279838386743205e-05 3.769535042834765295e-05 2.852090419023041426e-05 2.088280599348836894e-05 1.479668666426131987e-05 1.014589024820887823e-05 0.000000000000000000e+00 0.000000000000000000e+00 0.000000000000000000e+00 0.000000000000000000e+00 0.000000000000000000e+00 0.000000000000000000e+00 0.000000000000000000e+00 0.000000000000000000e+00 0.000000000000000000e+00 0.000000000000000000e+00 8.414720132959528089e-06 1.406128006045094979e-05 2.194212488815674940e-05 3.197430765385448888e-05 4.351031811786422638e-05 5.529069005202177700e-05 6.561156609651460074e-05 7.270720343724879769e-05 7.523901812553213781e-05 7.270720343724879769e-05 6.561156609651460074e-05 5.529069005202177700e-05 4.351031811786422638e-05 3.197430765385448888e-05 2.194212488815674940e-05 1.406128006045094979e-05 8.414720132959528089e-06 0.000000000000000000e+00 1.092919991381646538e-04 2.036577864822259622e-04 3.388955872724181686e-04 5.035969073005255436e-04 6.682707311104973350e-04 7.919067994731698390e-04 8.380075841739539899e-04 7.919067994731698390e-04 6.682707311104973350e-04 5.035969073005255436e-04 3.388955872724181686e-04 2.036577864822259622e-04 1.092919991381646538e-04 0.000000000000000000e+00 0.000000000000000000e+00 0.000000000000000000e+00 0.000000000000000000e+00 0.000000000000000000e+00 0.000000000000000000e+00 0.000000000000000000e+00 0.000000000000000000e+00 0.000000000000000000e+00 0.000000000000000000e+00 0.000000000000000000e+00 0.000000000000000000e+00 0.000000000000000000e+00 0.000000000000000000e+00 0.000000000000000000e+00 0.000000000000000000e+00 0.000000000000000000e+00 6.491205940283045111e-05 1.298241188056608209e-04 2.225818893507103876e-04 3.271362801346099601e-04 4.121658855259010146e-04 4.451637787014207752e-04 4.121658855259010146e-04 3.271362801346099601e-04 2.225818893507103876e-04 1.298241188056608209e-04 6.491205940283045111e-05 0.000000000000000000e+00 0.000000000000000000e+00 0.000000000000000000e+00 0.000000000000000000e+00 0.000000000000000000e+00 0.000000000000000000e+00 0.000000000000000000e+00
