0.000000000000000000e+00 0.000000000000000000e+00 0.000000000000000000e+00 0.000000000000000000e+00 0.000000000000000000e+00 0.000000000000000000e+00 0.000000000000000000e+00 0.000000000000000000e+00 0.000000000000000000e+00 0.000000000000000000e+00 0.000000000000000000e+00 0.000000000000000000e+00 0.000000000000000000e+00 0.000000000000000000e+00 0.000000000000000000e+00 0.000000000000000000e+00 0.000000000000000000e+00 0.000000000000000000e+00 0.000000000000000000e+00 0.000000000000000000e+00 0.000000000000000000e+00 0.000000000000000000e+00 0.000000000000000000e+00 0.000000000000000000e+00 0.000000000000000000e+00 0.000000000000000000e+00 0.000000000000000000e+00 0.000000000000000000e+00 0.000000000000000000e+00 0.000000000000000000e+00 0.000000000000000000e+00 0.000000000000000000e+00 0.000000000000000000e+00 0.000000000000000000e+00 0.000000000000000000e+00 0.000000000000000000e+00 0.000000000000000000e+00 0.000000000000000000e+00 0.000000000000000000e+00 0.000000000000000000e+00 0.000000000000000000e+00 0.000000000000000000e+00 0.000000000000000000e+00 0.000000000000000000e+00 0.000000000000000000e+00 0.000000000000000000e+00 0.000000000000000000e+00 0.000000000000000000e+00 0.000000000000000000e+00 0.000000000000000000e+00 0.000000000000000000e+00 0.000000000000000000e+00 0.000000000000000000e+00 0.000000000000000000e+00 0.000000000000000000e+00 0.000000000000000000e+00 0.000000000000000000e+00 0.000000000000000000e+00 0.000000000000000000e+00 0.000000000000000000e+00 0.000000000000000000e+00 0.000000000000000000e+00 0.000000000000000000e+00 0.000000000000000000e+00 0.000000000000000000e+00 0.000000000000000000e+00 0.000000000000000000e+00 0.000000000000000000e+00 0.000000000000000000e+00 0.000000000000000000e+00 0.000000000000000000e+00 0.000000000000000000e+00 2.165567448084120599e-05 3.803282509131829123e-05 6.125149710628511799e-05 9.045781240449947197e-05 1.225029942125702631e-04 1.521313003652731649e-04 1.732453958467296208e-04 1.809156248089989168e-04 1.732453958467296208e-04 1.521313003652731649e-04 1.225029942125702631e-04 9.045781240449947197e-05 6.125149710628511799e-05 3.803282509131829123e-05 2.165567448084120599e-05 0.000000000000000000e+00 0.000000000000000000e+00 0.000000000000000000e+00 0.000000000000000000e+00 0.000000000000000000e+00 0.000000000000000000e+00 0.000000000000000000e+00 0.000000000000000000e+00 0.000000000000000000e+00 0.000000000000000000e+00 0.000000000000000000e+00 0.000000000000000000e+00 0.000000000000000000e+00
0.000000000000000000e+00 0.000000000000000000e+00 0.000000000000000000e+00 0.000000000000000000e+00 0.000000000000000000e+00 0.000000000000000000e+00 0.000000000000000000e+00 0.000000000000000000e+00 0.000000000000000000e+00 0.000000000000000000e+00 0.000000000000000000e+00 0.000000000000000000e+00 0.000000000000000000e+00 0.000000000000000000e+00 0.000000000000000000e+00 0.000000000000000000e+00 0.000000000000000000e+00 0.000000000000000000e+00 0.000000000000000000e+00 0.000000000000000000e+00 0.000000000000000000e+00 0.000000000000000000e+00 0.000000000000000000e+00 0.000000000000000000e+00 0.000000000000000000e+00 0.000000000000000000e+00 0.000000000000000000e+00 0.000000000000000000e+00 0.000000000000000000e+00 0.000000000000000000e+00 0.000000000000000000e+00 0.000000000000000000e+00 0.000000000000000000e+00 0.000000000000000000e+00 0.000000000000000000e+00 0.000000000000000000e+00 0.000000000000000000e+00 0.000000000000000000e+00 0.000000000000000000e+00 0.000000000000000000e+00 0.000000000000000000e+00 0.000000000000000000e+00 0.000000000000000000e+00 0.000000000000000000e+00 0.000000000000000000e+00 0.000000000000000000e+00 0.000000000000000000e+00 0.000000000000000000e+00 0.000000000000000000e+00 0.000000000000000000e+00 0.000000000000000000e+00 0.000000000000000000e+00 0.000000000000000000e+00 0.000000000000000000e+00 0.000000000000000000e+00 0.000000000000000000e+00 0.000000000000000000e+00 0.000000000000000000e+00 0.000000000000000000e+00 0.000000000000000000e+00 0.000000000000000000e+00 0.000000000000000000e+00 0.000000000000000000e+00 0.000000000000000000e+00 0.000000000000000000e+00 0.000000000000000000e+00 0.000000000000000000e+00 0.000000000000000000e+00 0.000000000000000000e+00 0.000000000000000000e+00 0.000000000000000000e+00 0.000000000000000000e+00 3.487625438323495205e-05 6.125149710628511799e-05 9.864494390708991329e-05 1.456814323267257053e-04 1.972898878141798266e-04 2.450059884251404719e-04 2.790100350658795622e-04 2.913628646534513564e-04 2.790100350658795622e-04 2.450059884251404719e-04 1.972898878141798266e-04 1.456814323267257053e-04 9.864494390708991329e-05 6.125149710628511799e-05 3.487625438323495205e-05 0.000000000000000000e+00 0.000000000000000000e+00 0.000000000000000000e+00 0.000000000000000000e+00 0.000000000000000000e+00 0.000000000000000000e+00 0.000000000000000000e+00 0.000000000000000000e+00 0.000000000000000000e+00 0.000000000000000000e+00 0.000000000000000000e+00 0.000000000000000000e+00 0.000000000000000000e+00
0.000000000000000000e+00 0.000000000000000000e+00 0.000000000000000000e+00 0.000000000000000000e+00 0.000000000000000000e+00 0.000000000000000000e+00 0.000000000000000000e+00 0.000000000000000000e+00 0.000000000000000000e+00 0.000000000000000000e+00 0.000000000000000000e+00 0.000000000000000000e+00 0.000000000000000000e+00 4.807626852944261076e-05 1.044923141422193601e-04 1.819316858732492579e-04 2.537480665801658975e-04 2.835094511007127047e-04 2.537480665801658975e-04 1.819316858732492579e-04 1.044923141422193601e-04 4.807626852944261076e-05 0.000000000000000000e+00 0.000000000000000000e+00 0.000000000000000000e+00 0.000000000000000000e+00 0.000000000000000000e+00 0.000000000000000000e+00 0.000000000000000000e+00 0.000000000000000000e+00 0.000000000000000000e+00 0.000000000000000000e+00 0.000000000000000000e+00 0.000000000000000000e+00 0.000000000000000000e+00 0.000000000000000000e+00 0.000000000000000000e+00 0.000000000000000000e+00 0.000000000000000000e+00 0.000000000000000000e+00 0.000000000000000000e+00 0.000000000000000000e+00 0.000000000000000000e+00 0.000000000000000000e+00 0.000000000000000000e+00 0.000000000000000000e+00 0.000000000000000000e+00 0.000000000000000000e+00 0.000000000000000000e+00 0.000000000000000000e+00 0.000000000000000000e+00 0.000000000000000000e+00 0.000000000000000000e+00 0.000000000000000000e+00 0.000000000000000000e+00 0.000000000000000000e+00 0.000000000000000000e+00 0.000000000000000000e+00 0.000000000000000000e+00 0.000000000000000000e+00 0.000000000000000000e+00 0.000000000000000000e+00 0.000000000000000000e+00 0.000000000000000000e+00 0.000000000000000000e+00 0.000000000000000000e+00 0.000000000000000000e+00 0.000000000000000000e+00 0.000000000000000000e+00 0.000000000000000000e+00 0.000000000000000000e+00 0.000000000000000000e+00 5.150616434559842082e-05 9.045781240449947197e-05 1.456814323267257053e-04 2.151461482380242758e-04 2.913628646534513564e-04 3.618312496179977794e-04 4.120493147647874208e-04 4.302922964760485516e-04 4.120493147647874208e-04 3.618312496179977794e-04 2.913628646534513564e-04 2.151461482380242758e-04 1.456814323267257053e-04 9.045781240449947197e-05 5.150616434559842082e-05 0.000000000000000000e+00 0.000000000000000000e+00 0.000000000000000000e+00 0.000000000000000000e+00 0.000000000000000000e+00 0.000000000000000000e+00 0.000000000000000000e+00 0.000000000000000000e+00 0.000000000000000000e+00 0.000000000000000000e+00 0.000000000000000000e+00 0.000000000000000000e+00 0.000000000000000000e+00
0.000000000000000000e+00 0.000000000000000000e+00 0.000000000000000000e+00 0.000000000000000000e+00 0.000000000000000000e+00 0.000000000000000000e+00 0.000000000000000000e+00 0.000000000000000000e+00 0.000000000000000000e+00 0.000000000000000000e+00 0.000000000000000000e+00 0.000000000000000000e+00 0.000000000000000000e+00 1.044923141422193601e-04 2.271108812887488856e-04 3.954230112731989526e-04 5.515137405024993830e-04 6.161992087335424950e-04 5.515137405024993830e-04 3.954230112731989526e-04 2.271108812887488856e-04 1.044923141422193601e-04 0.000000000000000000e+00 1.233061798838624086e-05 2.165567448084120599e-05 3.487625438323495205e-05 5.150616434559842082e-05 6.975250876646989055e-05 8.662269792336479686e-05 9.864494390708991329e-05 1.030123286911968552e-04 9.864494390708991329e-05 8.662269792336479686e-05 6.975250876646989055e-05 5.150616434559842082e-05 3.487625438323495205e-05 2.165567448084120599e-05 1.233061798838624086e-05 0.000000000000000000e+00 0.000000000000000000e+00 0.000000000000000000e+00 0.000000000000000000e+00 0.000000000000000000e+00 0.000000000000000000e+00 0.000000000000000000e+00 0.000000000000000000e+00 0.000000000000000000e+00 0.000000000000000000e+00 0.000000000000000000e+00 0.000000000000000000e+00 0.000000000000000000e+00 0.000000000000000000e+00 0.000000000000000000e+00 0.000000000000000000e+00 0.000000000000000000e+00 0.000000000000000000e+00 0.000000000000000000e+00 0.000000000000000000e+00 0.000000000000000000e+00 0.000000000000000000e+00 0.000000000000000000e+00 0.000000000000000000e+00 0.000000000000000000e+00 0.000000000000000000e+00 0.000000000000000000e+00 0.000000000000000000e+00 0.000000000000000000e+00 0.000000000000000000e+00 0.000000000000000000e+00 0.000000000000000000e+00 0.000000000000000000e+00 0.000000000000000000e+00 6.975250876646989055e-05 1.225029942125702631e-04 1.972898878141798266e-04 2.913628646534513564e-04 3.945797756283596532e-04 4.900119768502810523e-04 5.580200701317591244e-04 5.827257293069027129e-04 5.580200701317591244e-04 4.900119768502810523e-04 3.945797756283596532e-04 2.913628646534513564e-04 1.972898878141798266e-04 1.225029942125702631e-04 6.975250876646989055e-05 0.000000000000000000e+00 0.000000000000000000e+00 0.000000000000000000e+00 0.000000000000000000e+00 0.000000000000000000e+00 0.000000000000000000e+00 0.000000000000000000e+00 0.000000000000000000e+00 0.000000000000000000e+00 0.000000000000000000e+00 0.000000000000000000e+00 0.000000000000000000e+00 0.000000000000000000e+00
0.000000000000000000e+00 0.000000000000000000e+00 0.000000000000000000e+00 0.000000000000000000e+00 0.000000000000000000e+00 0.000000000000000000e+00 0.000000000000000000e+00 0.000000000000000000e+00 0.000000000000000000e+00 0.000000000000000000e+00 0.000000000000000000e+00 0.000000000000000000e+00 0.000000000000000000e+00 1.819316858732492579e-04 3.954230112731989526e-04 6.884714504082660924e-04 9.602411949200063751e-04 1.072865136531222846e-03 9.602411949200063751e-04 6.884714504082660924e-04 3.954230112731989526e-04 1.819316858732492579e-04 0.000000000000000000e+00 2.165567448084120599e-05 3.803282509131829123e-05 6.125149710628511799e-05 9.045781240449947197e-05 1.225029942125702631e-04 1.521313003652731649e-04 1.732453958467296208e-04 1.809156248089989168e-04 1.732453958467296208e-04 1.521313003652731649e-04 1.225029942125702631e-04 9.045781240449947197e-05 6.125149710628511799e-05 3.803282509131829123e-05 2.165567448084120599e-05 0.000000000000000000e+00 0.000000000000000000e+00 0.000000000000000000e+00 0.000000000000000000e+00 0.000000000000000000e+00 0.000000000000000000e+00 0.000000000000000000e+00 0.000000000000000000e+00 0.000000000000000000e+00 0.000000000000000000e+00 0.000000000000000000e+00 0.000000000000000000e+00 0.000000000000000000e+00 0.000000000000000000e+00 0.000000000000000000e+00 0.000000000000000000e+00 0.000000000000000000e+00 0.000000000000000000e+00 0.000000000000000000e+00 0.000000000000000000e+00 0.000000000000000000e+00 0.000000000000000000e+00 0.000000000000000000e+00 0.000000000000000000e+00 0.000000000000000000e+00 0.000000000000000000e+00 0.000000000000000000e+00 0.000000000000000000e+00 0.000000000000000000e+00 0.000000000000000000e+00 0.000000000000000000e+00 0.000000000000000000e+00 0.000000000000000000e+00 0.000000000000000000e+00 8.662269792336479686e-05 1.521313003652731649e-04 2.450059884251404719e-04 3.618312496179977794e-04 4.900119768502810523e-04 6.085252014610926597e-04 6.929815833869183749e-04 7.236624992359955589e-04 6.929815833869183749e-04 6.085252014610926597e-04 4.900119768502810523e-04 3.618312496179977794e-04 2.450059884251404719e-04 1.521313003652731649e-04 1.010002744214749800e-04 2.679158060675916812e-05 4.458237811828710253e-05 6.624915927991867695e-05 8.791232326021241586e-05 1.041768901528238202e-04 1.102415386530356992e-04 1.041768901528238202e-04 8.791232326021241586e-05 6.624915927991867695e-05 4.458237811828710253e-05 2.679158060675916812e-05 1.437757649811017133e-05 0.000000000000000000e+00
0.000000000000000000e+00 0.000000000000000000e+00 0.000000000000000000e+00 0.000000000000000000e+00 0.000000000000000000e+00 0.000000000000000000e+00 0.000000000000000000e+00 0.000000000000000000e+00 0.000000000000000000e+00 0.000000000000000000e+00 0.000000000000000000e+00 0.000000000000000000e+00 0.000000000000000000e+00 2.537480665801658975e-04 5.515137405024993830e-04 9.602411949200063751e-04 1.339290324783424038e-03 1.496371854025085489e-03 1.339290324783424038e-03 9.602411949200063751e-04 5.515137405024993830e-04 2.537480665801658975e-04 0.000000000000000000e+00 3.487625438323495205e-05 6.125149710628511799e-05 9.864494390708991329e-05 1.456814323267257053e-04 1.972898878141798266e-04 2.450059884251404719e-04 2.790100350658795622e-04 2.913628646534513564e-04 2.790100350658795622e-04 2.450059884251404719e-04 1.972898878141798266e-04 1.456814323267257053e-04 9.864494390708991329e-05 6.125149710628511799e-05 3.487625438323495205e-05 0.000000000000000000e+00 0.000000000000000000e+00 0.000000000000000000e+00 0.000000000000000000e+00 0.000000000000000000e+00 0.000000000000000000e+00 0.000000000000000000e+00 0.000000000000000000e+00 0.000000000000000000e+00 0.000000000000000000e+00 0.000000000000000000e+00 0.000000000000000000e+00 0.000000000000000000e+00 0.000000000000000000e+00 0.000000000000000000e+00 0.000000000000000000e+00 0.000000000000000000e+00 0.000000000000000000e+00 0.000000000000000000e+00 0.000000000000000000e+00 0.000000000000000000e+00 0.000000000000000000e+00 0.000000000000000000e+00 0.000000000000000000e+00 0.000000000000000000e+00 0.000000000000000000e+00 0.000000000000000000e+00 0.000000000000000000e+00 0.000000000000000000e+00 0.000000000000000000e+00 0.000000000000000000e+00 0.000000000000000000e+00 0.000000000000000000e+00 0.000000000000000000e+00 9.864494390708991329e-05 1.732453958467296208e-04 2.790100350658795622e-04 4.120493147647874208e-04 5.580200701317591244e-04 6.929815833869183749e-04 7.891595512567193063e-04 8.240986295295748415e-04 7.891595512567193063e-04 6.929815833869183749e-04 5.580200701317591244e-04 4.120493147647874208e-04 2.790100350658795622e-04 1.732453958467296208e-04 1.254365245138490848e-04 4.992418517145929364e-05 8.307605785676773231e-05 1.234505475391675623e-04 1.638182968640812054e-04 1.941261484686059035e-04 2.054271851326392774e-04 1.941261484686059035e-04 1.638182968640812054e-04 1.234505475391675623e-04 8.307605785676773231e-05 4.992418517145929364e-05 2.679158060675916812e-05 0.000000000000000000e+00
0.000000000000000000e+00 0.000000000000000000e+00 0.000000000000000000e+00 0.000000000000000000e+00 0.000000000000000000e+00 0.000000000000000000e+00 0.000000000000000000e+00 0.000000000000000000e+00 0.000000000000000000e+00 0.000000000000000000e+00 0.000000000000000000e+00 0.000000000000000000e+00 0.000000000000000000e+00 2.835094511007127047e-04 6.161992087335424950e-04 1.072865136531222846e-03 1.496371854025085489e-03 1.671877026275509761e-03 1.496371854025085489e-03 1.072865136531222846e-03 6.161992087335424950e-04 2.835094511007127047e-04 0.000000000000000000e+00 5.150616434559842082e-05 9.045781240449947197e-05 1.456814323267257053e-04 2.151461482380242758e-04 2.913628646534513564e-04 3.618312496179977794e-04 4.120493147647874208e-04 4.302922964760485516e-04 4.120493147647874208e-04 3.618312496179977794e-04 2.913628646534513564e-04 2.151461482380242758e-04 1.456814323267257053e-04 9.045781240449947197e-05 5.150616434559842082e-05 0.000000000000000000e+00 0.000000000000000000e+00 0.000000000000000000e+00 0.000000000000000000e+00 0.000000000000000000e+00 0.000000000000000000e+00 0.000000000000000000e+00 0.000000000000000000e+00 0.000000000000000000e+00 0.000000000000000000e+00 0.000000000000000000e+00 0.000000000000000000e+00 0.000000000000000000e+00 0.000000000000000000e+00 0.000000000000000000e+00 0.000000000000000000e+00 0.000000000000000000e+00 0.000000000000000000e+00 0.000000000000000000e+00 0.000000000000000000e+00 0.000000000000000000e+00 0.000000000000000000e+00 0.000000000000000000e+00 0.000000000000000000e+00 0.000000000000000000e+00 0.000000000000000000e+00 0.000000000000000000e+00 0.000000000000000000e+00 0.000000000000000000e+00 0.000000000000000000e+00 0.000000000000000000e+00 0.000000000000000000e+00 0.000000000000000000e+00 0.000000000000000000e+00 1.030123286911968552e-04 1.809156248089989168e-04 2.913628646534513564e-04 4.302922964760485516e-04 5.827257293069027129e-04 7.236624992359955589e-04 8.240986295295748415e-04 8.605845929520971032e-04 8.240986295295748415e-04 7.236624992359955589e-04 5.827257293069027129e-04 4.302922964760485516e-04 2.913628646534513564e-04 1.809156248089989168e-04 1.475947068094839577e-04 8.307605785676773231e-05 1.382422440209710006e-04 2.054271851326392774e-04 2.726009099905707020e-04 3.230345189671520595e-04 3.418399450851413628e-04 3.230345189671520595e-04 2.726009099905707020e-04 2.054271851326392774e-04 1.382422440209710006e-04 8.307605785676773231e-05 4.458237811828710253e-05 0.000000000000000000e+00
0.000000000000000000e+00 0.000000000000000000e+00 0.000000000000000000e+00 0.000000000000000000e+00 0.000000000000000000e+00 0.000000000000000000e+00 0.000000000000000000e+00 0.000000000000000000e+00 0.000000000000000000e+00 0.000000000000000000e+00 0.000000000000000000e+00 0.000000000000000000e+00 0.000000000000000000e+00 2.537480665801658975e-04 5.515137405024993830e-04 9.602411949200063751e-04 1.339290324783424038e-03 1.496371854025085489e-03 1.339290324783424038e-03 9.602411949200063751e-04 5.515137405024993830e-04 2.537480665801658975e-04 0.000000000000000000e+00 6.975250876646989055e-05 1.225029942125702631e-04 1.972898878141798266e-04 2.913628646534513564e-04 3.945797756283596532e-04 4.900119768502810523e-04 5.580200701317591244e-04 5.827257293069027129e-04 5.580200701317591244e-04 4.900119768502810523e-04 3.945797756283596532e-04 2.913628646534513564e-04 1.972898878141798266e-04 1.225029942125702631e-04 6.975250876646989055e-05 0.000000000000000000e+00 0.000000000000000000e+00 0.000000000000000000e+00 0.000000000000000000e+00 0.000000000000000000e+00 0.000000000000000000e+00 0.000000000000000000e+00 0.000000000000000000e+00 0.000000000000000000e+00 0.000000000000000000e+00 0.000000000000000000e+00 0.000000000000000000e+00 0.000000000000000000e+00 0.000000000000000000e+00 0.000000000000000000e+00 0.000000000000000000e+00 0.000000000000000000e+00 0.000000000000000000e+00 0.000000000000000000e+00 0.000000000000000000e+00 0.000000000000000000e+00 0.000000000000000000e+00 0.000000000000000000e+00 0.000000000000000000e+00 0.000000000000000000e+00 0.000000000000000000e+00 0.000000000000000000e+00 0.000000000000000000e+00 0.000000000000000000e+00 0.000000000000000000e+00 0.000000000000000000e+00 0.000000000000000000e+00 0.000000000000000000e+00 0.000000000000000000e+00 9.864494390708991329e-05 1.732453958467296208e-04 2.790100350658795622e-04 4.120493147647874208e-04 5.580200701317591244e-04 6.929815833869183749e-04 7.891595512567193063e-04 8.240986295295748415e-04 7.891595512567193063e-04 6.929815833869183749e-04 5.580200701317591244e-04 4.120493147647874208e-04 2.790100350658795622e-04 1.732453958467296208e-04 1.648941031870085902e-04 1.234505475391675623e-04 2.054271851326392774e-04 3.052636239405806333e-04 4.050833954595233475e-04 4.800274503792890425e-04 5.079722061954079510e-04 4.800274503792890425e-04 4.050833954595233475e-04 3.052636239405806333e-04 2.054271851326392774e-04 1.234505475391675623e-04 6.624915927991867695e-05 0.000000000000000000e+00
0.000000000000000000e+00 0.000000000000000000e+00 0.000000000000000000e+00 0.000000000000000000e+00 0.000000000000000000e+00 0.000000000000000000e+00 0.000000000000000000e+00 0.000000000000000000e+00 0.000000000000000000e+00 0.000000000000000000e+00 0.000000000000000000e+00 0.000000000000000000e+00 0.000000000000000000e+00 1.819316858732492579e-04 3.954230112731989526e-04 6.884714504082660924e-04 9.602411949200063751e-04 1.072865136531222846e-03 9.602411949200063751e-04 6.884714504082660924e-04 3.954230112731989526e-04 1.819316858732492579e-04 0.000000000000000000e+00 8.662269792336479686e-05 1.521313003652731649e-04 2.450059884251404719e-04 3.618312496179977794e-04 4.900119768502810523e-04 6.085252014610926597e-04 6.929815833869183749e-04 7.236624992359955589e-04 6.929815833869183749e-04 6.085252014610926597e-04 4.900119768502810523e-04 3.618312496179977794e-04 2.450059884251404719e-04 1.521313003652731649e-04 8.662269792336479686e-05 0.000000000000000000e+00 0.000000000000000000e+00 0.000000000000000000e+00 0.000000000000000000e+00 0.000000000000000000e+00 0.000000000000000000e+00 0.000000000000000000e+00 0.000000000000000000e+00 0.000000000000000000e+00 0.000000000000000000e+00 0.000000000000000000e+00 0.000000000000000000e+00 0.000000000000000000e+00 0.000000000000000000e+00 0.000000000000000000e+00 0.000000000000000000e+00 0.000000000000000000e+00 0.000000000000000000e+00 0.000000000000000000e+00 0.000000000000000000e+00 0.000000000000000000e+00 0.000000000000000000e+00 0.000000000000000000e+00 0.000000000000000000e+00 0.000000000000000000e+00 0.000000000000000000e+00 0.000000000000000000e+00 0.000000000000000000e+00 0.000000000000000000e+00 0.000000000000000000e+00 0.000000000000000000e+00 0.000000000000000000e+00 0.000000000000000000e+00 0.000000000000000000e+00 8.662269792336479686e-05 1.521313003652731649e-04 2.450059884251404719e-04 3.618312496179977794e-04 4.900119768502810523e-04 6.085252014610926597e-04 6.929815833869183749e-04 7.236624992359955589e-04 6.929815833869183749e-04 6.085252014610926597e-04 4.900119768502810523e-04 3.618312496179977794e-04 2.450059884251404719e-04 1.521313003652731649e-04 1.745350211835772127e-04 1.638182968640812054e-04 2.726009099905707020e-04 4.050833954595233475e-04 5.375437635142440431e-04 6.369941724575415134e-04 6.740767321977223902e-04 6.369941724575415134e-04 5.375437635142440431e-04 4.050833954595233475e-04 2.726009099905707020e-04 1.638182968640812054e-04 8.791232326021241586e-05 0.000000000000000000e+00
0.000000000000000000e+00 0.000000000000000000e+00 0.000000000000000000e+00 0.000000000000000000e+00 0.000000000000000000e+00 0.000000000000000000e+00 0.000000000000000000e+00 0.000000000000000000e+00 0.000000000000000000e+00 0.000000000000000000e+00 0.000000000000000000e+00 0.000000000000000000e+00 0.000000000000000000e+00 1.044923141422193601e-04 2.271108812887488856e-04 3.954230112731989526e-04 5.515137405024993830e-04 6.161992087335424950e-04 5.515137405024993830e-04 3.954230112731989526e-04 2.271108812887488856e-04 1.044923141422193601e-04 0.000000000000000000e+00 9.864494390708991329e-05 1.732453958467296208e-04 2.790100350658795622e-04 4.120493147647874208e-04 5.580200701317591244e-04 6.929815833869183749e-04 7.891595512567193063e-04 8.240986295295748415e-04 7.891595512567193063e-04 6.929815833869183749e-04 5.580200701317591244e-04 4.120493147647874208e-04 2.790100350658795622e-04 1.732453958467296208e-04 9.864494390708991329e-05 0.000000000000000000e+00 0.000000000000000000e+00 0.000000000000000000e+00 0.000000000000000000e+00 0.000000000000000000e+00 0.000000000000000000e+00 0.000000000000000000e+00 0.000000000000000000e+00 0.000000000000000000e+00 0.000000000000000000e+00 0.000000000000000000e+00 0.000000000000000000e+00 0.000000000000000000e+00 0.000000000000000000e+00 0.000000000000000000e+00 0.000000000000000000e+00 0.000000000000000000e+00 0.000000000000000000e+00 0.000000000000000000e+00 0.000000000000000000e+00 0.000000000000000000e+00 0.000000000000000000e+00 0.000000000000000000e+00 0.000000000000000000e+00 0.000000000000000000e+00 0.000000000000000000e+00 0.000000000000000000e+00 0.000000000000000000e+00 0.000000000000000000e+00 0.000000000000000000e+00 0.000000000000000000e+00 0.000000000000000000e+00 0.000000000000000000e+00 0.000000000000000000e+00 6.975250876646989055e-05 1.225029942125702631e-04 1.972898878141798266e-04 2.913628646534513564e-04 3.945797756283596532e-04 4.900119768502810523e-04 5.580200701317591244e-04 5.827257293069027129e-04 5.580200701317591244e-04 4.900119768502810523e-04 3.945797756283596532e-04 2.913628646534513564e-04 1.972898878141798266e-04 1.225029942125702631e-04 1.739293989192937243e-04 1.941261484686059035e-04 3.230345189671520595e-04 4.800274503792890425e-04 6.369941724575415134e-04 7.548437974466726567e-04 7.987869627433488067e-04 7.548437974466726567e-04 6.369941724575415134e-04 4.800274503792890425e-04 3.230345189671520595e-04 1.941261484686059035e-04 1.041768901528238202e-04 0.000000000000000000e+00
0.000000000000000000e+00 0.000000000000000000e+00 0.000000000000000000e+00 0.000000000000000000e+00 0.000000000000000000e+00 0.000000000000000000e+00 0.000000000000000000e+00 0.000000000000000000e+00 0.000000000000000000e+00 0.000000000000000000e+00 0.000000000000000000e+00 0.000000000000000000e+00 0.000000000000000000e+00 4.807626852944261076e-05 1.044923141422193601e-04 1.819316858732492579e-04 2.537480665801658975e-04 2.835094511007127047e-04 2.537480665801658975e-04 1.819316858732492579e-04 1.044923141422193601e-04 4.807626852944261076e-05 0.000000000000000000e+00 1.030123286911968552e-04 1.809156248089989168e-04 2.913628646534513564e-04 4.302922964760485516e-04 5.827257293069027129e-04 7.236624992359955589e-04 8.240986295295748415e-04 8.605845929520971032e-04 8.240986295295748415e-04 7.236624992359955589e-04 5.827257293069027129e-04 4.302922964760485516e-04 2.913628646534513564e-04 1.809156248089989168e-04 1.030123286911968552e-04 0.000000000000000000e+00 0.000000000000000000e+00 0.000000000000000000e+00 0.000000000000000000e+00 0.000000000000000000e+00 0.000000000000000000e+00 0.000000000000000000e+00 0.000000000000000000e+00 0.000000000000000000e+00 0.000000000000000000e+00 0.000000000000000000e+00 0.000000000000000000e+00 0.000000000000000000e+00 0.000000000000000000e+00 0.000000000000000000e+00 0.000000000000000000e+00 0.000000000000000000e+00 0.000000000000000000e+00 0.000000000000000000e+00 0.000000000000000000e+00 0.000000000000000000e+00 0.000000000000000000e+00 0.000000000000000000e+00 0.000000000000000000e+00 0.000000000000000000e+00 0.000000000000000000e+00 0.000000000000000000e+00 0.000000000000000000e+00 0.000000000000000000e+00 0.000000000000000000e+00 0.000000000000000000e+00 0.000000000000000000e+00 0.000000000000000000e+00 0.000000000000000000e+00 5.150616434559842082e-05 9.045781240449947197e-05 1.456814323267257053e-04 2.151461482380242758e-04 2.913628646534513564e-04 3.618312496179977794e-04 4.120493147647874208e-04 4.302922964760485516e-04 4.120493147647874208e-04 3.618312496179977794e-04 2.913628646534513564e-04 2.151461482380242758e-04 1.456814323267257053e-04 9.045781240449947197e-05 1.617477029986341404e-04 2.054271851326392774e-04 3.418399450851413628e-04 5.079722061954079510e-04 6.740767321977223902e-04 7.987869627433488067e-04 8.452882755439494484e-04 7.987869627433488067e-04 6.740767321977223902e-04 5.079722061954079510e-04 3.418399450851413628e-04 2.054271851326392774e-04 1.102415386530356992e-04 0.000000000000000000e+00
0.000000000000000000e+00 0.000000000000000000e+00 0.000000000000000000e+00 0.000000000000000000e+00 0.000000000000000000e+00 0.000000000000000000e+00 0.000000000000000000e+00 0.000000000000000000e+00 0.000000000000000000e+00 0.000000000000000000e+00 0.000000000000000000e+00 0.000000000000000000e+00 0.000000000000000000e+00 0.000000000000000000e+00 0.000000000000000000e+00 0.000000000000000000e+00 0.000000000000000000e+00 0.000000000000000000e+00 0.000000000000000000e+00 0.000000000000000000e+00 0.000000000000000000e+00 0.000000000000000000e+00 0.000000000000000000e+00 9.864494390708991329e-05 1.732453958467296208e-04 2.790100350658795622e-04 4.120493147647874208e-04 5.580200701317591244e-04 6.929815833869183749e-04 7.891595512567193063e-04 8.240986295295748415e-04 7.891595512567193063e-04 6.929815833869183749e-04 5.580200701317591244e-04 4.120493147647874208e-04 2.790100350658795622e-04 1.732453958467296208e-04 1.313829547502203812e-04 6.547602168626096291e-05 1.122578512234089859e-04 1.649892359717866684e-04 2.078734114069264230e-04 2.245157024468179177e-04 2.078734114069264230e-04 1.649892359717866684e-04 1.122578512234089859e-04 6.547602168626096291e-05 3.273801084313045435e-05 0.000000000000000000e+00 0.000000000000000000e+00 0.000000000000000000e+00 0.000000000000000000e+00 0.000000000000000000e+00 0.000000000000000000e+00 0.000000000000000000e+00 0.000000000000000000e+00 0.000000000000000000e+00 0.000000000000000000e+00 0.000000000000000000e+00 0.000000000000000000e+00 0.000000000000000000e+00 0.000000000000000000e+00 0.000000000000000000e+00 0.000000000000000000e+00 0.000000000000000000e+00 0.000000000000000000e+00 0.000000000000000000e+00 0.000000000000000000e+00 0.000000000000000000e+00 0.000000000000000000e+00 0.000000000000000000e+00 0.000000000000000000e+00 3.487625438323495205e-05 6.125149710628511799e-05 9.864494390708991329e-05 1.456814323267257053e-04 1.972898878141798266e-04 2.450059884251404719e-04 2.790100350658795622e-04 2.913628646534513564e-04 2.790100350658795622e-04 2.450059884251404719e-04 1.972898878141798266e-04 1.456814323267257053e-04 9.864494390708991329e-05 6.125149710628511799e-05 1.390531445360587519e-04 1.941261484686059035e-04 3.230345189671520595e-04 4.800274503792890425e-04 6.369941724575415134e-04 7.548437974466726567e-04 7.987869627433488067e-04 7.548437974466726567e-04 6.369941724575415134e-04 4.800274503792890425e-04 3.230345189671520595e-04 1.941261484686059035e-04 1.041768901528238202e-04 0.000000000000000000e+00
0.000000000000000000e+00 0.000000000000000000e+00 0.000000000000000000e+00 0.000000000000000000e+00 0.000000000000000000e+00 0.000000000000000000e+00 0.000000000000000000e+00 0.000000000000000000e+00 0.000000000000000000e+00 0.000000000000000000e+00 0.000000000000000000e+00 0.000000000000000000e+00 0.000000000000000000e+00 0.000000000000000000e+00 0.000000000000000000e+00 0.000000000000000000e+00 0.000000000000000000e+00 0.000000000000000000e+00 0.000000000000000000e+00 0.000000000000000000e+00 0.000000000000000000e+00 0.000000000000000000e+00 0.000000000000000000e+00 8.662269792336479686e-05 1.521313003652731649e-04 2.450059884251404719e-04 3.618312496179977794e-04 4.900119768502810523e-04 6.085252014610926597e-04 6.929815833869183749e-04 7.236624992359955589e-04 6.929815833869183749e-04 6.085252014610926597e-04 4.900119768502810523e-04 3.618312496179977794e-04 2.450059884251404719e-04 1.521313003652731649e-04 1.520987196096257733e-04 1.309520433725218445e-04 2.245157024468179177e-04 3.299784719435734453e-04 4.157468228138528460e-04 4.490314048936358353e-04 4.157468228138528460e-04 3.299784719435734453e-04 2.245157024468179177e-04 1.309520433725218445e-04 6.547602168626096291e-05 0.000000000000000000e+00 0.000000000000000000e+00 0.000000000000000000e+00 0.000000000000000000e+00 0.000000000000000000e+00 0.000000000000000000e+00 0.000000000000000000e+00 0.000000000000000000e+00 0.000000000000000000e+00 0.000000000000000000e+00 0.000000000000000000e+00 0.000000000000000000e+00 0.000000000000000000e+00 0.000000000000000000e+00 0.000000000000000000e+00 0.000000000000000000e+00 0.000000000000000000e+00 0.000000000000000000e+00 0.000000000000000000e+00 0.000000000000000000e+00 0.000000000000000000e+00 0.000000000000000000e+00 0.000000000000000000e+00 0.000000000000000000e+00 2.165567448084120599e-05 3.803282509131829123e-05 6.125149710628511799e-05 9.045781240449947197e-05 1.225029942125702631e-04 1.521313003652731649e-04 1.732453958467296208e-04 1.809156248089989168e-04 1.732453958467296208e-04 1.521313003652731649e-04 1.225029942125702631e-04 9.045781240449947197e-05 6.125149710628511799e-05 3.803282509131829123e-05 1.095679977410536252e-04 1.638182968640812054e-04 2.726009099905707020e-04 4.050833954595233475e-04 5.375437635142440431e-04 6.369941724575415134e-04 6.740767321977223902e-04 6.369941724575415134e-04 5.375437635142440431e-04 4.050833954595233475e-04 2.726009099905707020e-04 1.638182968640812054e-04 8.791232326021241586e-05 0.000000000000000000e+00
0.000000000000000000e+00 0.000000000000000000e+00 0.000000000000000000e+00 0.000000000000000000e+00 0.000000000000000000e+00 0.000000000000000000e+00 0.000000000000000000e+00 0.000000000000000000e+00 0.000000000000000000e+00 0.000000000000000000e+00 0.000000000000000000e+00 0.000000000000000000e+00 0.000000000000000000e+00 0.000000000000000000e+00 0.000000000000000000e+00 0.000000000000000000e+00 0.000000000000000000e+00 0.000000000000000000e+00 0.000000000000000000e+00 0.000000000000000000e+00 0.000000000000000000e+00 0.000000000000000000e+00 0.000000000000000000e+00 1.024905196096003313e-04 1.879790158988312260e-04 3.095477390375887990e-04 4.563521006252379978e-04 6.024531870352859949e-04 7.145276792970989971e-04 7.658934815386854661e-04 7.477149652786893542e-04 6.702779213551679884e-04 5.554879985365419881e-04 4.273177864714901211e-04 2.913628646534513564e-04 1.972898878141798266e-04 1.225029942125702631e-04 1.820103599898788629e-04 2.245157024468179177e-04 3.849294699571311536e-04 5.657441190893596535e-04 7.127929244949160210e-04 7.698589399142623073e-04 7.127929244949160210e-04 5.657441190893596535e-04 3.849294699571311536e-04 2.245157024468179177e-04 1.122578512234089859e-04 0.000000000000000000e+00 0.000000000000000000e+00 0.000000000000000000e+00 0.000000000000000000e+00 0.000000000000000000e+00 0.000000000000000000e+00 0.000000000000000000e+00 0.000000000000000000e+00 0.000000000000000000e+00 0.000000000000000000e+00 0.000000000000000000e+00 0.000000000000000000e+00 0.000000000000000000e+00 0.000000000000000000e+00 0.000000000000000000e+00 0.000000000000000000e+00 0.000000000000000000e+00 0.000000000000000000e+00 0.000000000000000000e+00 0.000000000000000000e+00 0.000000000000000000e+00 0.000000000000000000e+00 0.000000000000000000e+00 0.000000000000000000e+00 1.233061798838624086e-05 2.165567448084120599e-05 3.487625438323495205e-05 5.150616434559842082e-05 6.975250876646989055e-05 8.662269792336479686e-05 9.864494390708991329e-05 1.030123286911968552e-04 9.864494390708991329e-05 8.662269792336479686e-05 6.975250876646989055e-05 5.150616434559842082e-05 3.487625438323495205e-05 2.165567448084120599e-05 7.857977726830492966e-05 1.234505475391675623e-04 2.054271851326392774e-04 3.052636239405806333e-04 4.050833954595233475e-04 4.800274503792890425e-04 5.079722061954079510e-04 4.800274503792890425e-04 4.050833954595233475e-04 3.052636239405806333e-04 2.054271851326392774e-04 1.234505475391675623e-04 6.624915927991867695e-05 0.000000000000000000e+00
0.000000000000000000e+00 0.000000000000000000e+00 0.000000000000000000e+00 0.000000000000000000e+00 0.000000000000000000e+00 0.000000000000000000e+00 0.000000000000000000e+00 0.000000000000000000e+00 0.000000000000000000e+00 0.000000000000000000e+00 0.000000000000000000e+00 0.000000000000000000e+00 0.000000000000000000e+00 0.000000000000000000e+00 0.000000000000000000e+00 0.000000000000000000e+00 0.000000000000000000e+00 0.000000000000000000e+00 0.000000000000000000e+00 0.000000000000000000e+00 0.000000000000000000e+00 0.000000000000000000e+00 0.000000000000000000e+00 1.169821860318593634e-04 2.214098557770213165e-04 3.701971347735435688e-04 5.451246201815977211e-04 7.071096874673041483e-04 8.108626545116335606e-04 8.277961375786403210e-04 7.602707684196219427e-04 6.365650172116053655e-04 4.927832929905195426e-04 3.568388863397122922e-04 2.151461482380242758e-04 1.456814323267257053e-04 9.045781240449947197e-05 2.164954003173850960e-04 3.299784719435734453e-04 5.657441190893596535e-04 8.314936456277056921e-04 1.047616346980174756e-03 1.131488238178719307e-03 1.047616346980174756e-03 8.314936456277056921e-04 5.657441190893596535e-04 3.299784719435734453e-04 1.649892359717866684e-04 0.000000000000000000e+00 0.000000000000000000e+00 0.000000000000000000e+00 0.000000000000000000e+00 0.000000000000000000e+00 0.000000000000000000e+00 0.000000000000000000e+00 0.000000000000000000e+00 0.000000000000000000e+00 0.000000000000000000e+00 0.000000000000000000e+00 0.000000000000000000e+00 0.000000000000000000e+00 0.000000000000000000e+00 0.000000000000000000e+00 0.000000000000000000e+00 0.000000000000000000e+00 0.000000000000000000e+00 0.000000000000000000e+00 0.000000000000000000e+00 0.000000000000000000e+00 0.000000000000000000e+00 0.000000000000000000e+00 0.000000000000000000e+00 0.000000000000000000e+00 0.000000000000000000e+00 0.000000000000000000e+00 0.000000000000000000e+00 0.000000000000000000e+00 0.000000000000000000e+00 0.000000000000000000e+00 0.000000000000000000e+00 0.000000000000000000e+00 4.807626852944261076e-05 1.044923141422193601e-04 1.819316858732492579e-04 2.537480665801658975e-04 2.835094511007127047e-04 2.983304446984530000e-04 2.650077437300170174e-04 2.427345581631903471e-04 2.535034536620818881e-04 2.726009099905707020e-04 3.230345189671520595e-04 3.418399450851413628e-04 3.230345189671520595e-04 2.726009099905707020e-04 2.054271851326392774e-04 1.382422440209710006e-04 8.307605785676773231e-05 4.458237811828710253e-05 0.000000000000000000e+00
