0.000000000000000000e+00 0.000000000000000000e+00 0.000000000000000000e+00 0.000000000000000000e+00 0.000000000000000000e+00 0.000000000000000000e+00 0.000000000000000000e+00 0.000000000000000000e+00 0.000000000000000000e+00 0.000000000000000000e+00 0.000000000000000000e+00 0.000000000000000000e+00 0.000000000000000000e+00 0.000000000000000000e+00 0.000000000000000000e+00 0.000000000000000000e+00 0.000000000000000000e+00 0.000000000000000000e+00 0.000000000000000000e+00 0.000000000000000000e+00 0.000000000000000000e+00 0.000000000000000000e+00 5.385738586157569932e-05 9.458715027145075385e-05 1.523316910388026937e-04 2.249674241812815332e-04 3.046633820776053873e-04 3.783486010858029070e-04 4.308590868926056488e-04 4.499348483625630665e-04 4.308590868926056488e-04 3.783486010858029070e-04 3.046633820776053873e-04 2.249674241812815332e-04 1.523316910388026937e-04 9.458715027145075385e-05 5.385738586157569932e-05 0.000000000000000000e+00 0.000000000000000000e+00 0.000000000000000000e+00 0.000000000000000000e+00 0.000000000000000000e+00 0.000000000000000000e+00 0.000000000000000000e+00 0.000000000000000000e+00 0.000000000000000000e+00 0.000000000000000000e+00 0.000000000000000000e+00 0.000000000000000000e+00 0.000000000000000000e+00 0.000000000000000000e+00 0.000000000000000000e+00 0.000000000000000000e+00 0.000000000000000000e+00 0.000000000000000000e+00 0.000000000000000000e+00 0.000000000000000000e+00 0.000000000000000000e+00 0.000000000000000000e+00 0.000000000000000000e+00 0.000000000000000000e+00 0.000000000000000000e+00 0.000000000000000000e+00 0.000000000000000000e+00 0.000000000000000000e+00 0.000000000000000000e+00 0.000000000000000000e+00 0.000000000000000000e+00 0.000000000000000000e+00 0.000000000000000000e+00 0.000000000000000000e+00 0.000000000000000000e+00 0.000000000000000000e+00 2.453087201464148978e-06 3.170254188612797210e-06 4.040681167399847084e-06 6.330863635272020538e-06 7.956805979127354344e-06 9.863034497912461521e-06 1.205712162716341546e-05 1.453458051419604490e-05 1.727631519623314300e-05 2.024665984879237189e-05 2.339233004440437584e-05 2.664257695872988336e-05 2.991075875093838763e-05 3.309742374936976606e-05 3.609484679702149750e-05 3.879278955509561069e-05 4.108508967964029785e-05 4.287654706256678367e-05 4.408949080333410882e-05 4.466939560166945339e-05 4.458897885045532219e-05 4.385034631978173951e-05 4.248494965154319569e-05 4.055134785574300170e-05 3.813099669531407987e-05 3.532249262048978844e-05 3.223484471148849764e-05
0.000000000000000000e+00 0.000000000000000000e+00 0.000000000000000000e+00 0.000000000000000000e+00 0.000000000000000000e+00 0.000000000000000000e+00 0.000000000000000000e+00 0.000000000000000000e+00 0.000000000000000000e+00 1.089501451864489851e-06 1.466862723870769429e-06 1.937394761593095247e-06 2.510231410849492233e-06 3.190629585420419781e-06 3.978377645324189162e-06 4.866341847002033059e-06 5.839372915005622237e-06 6.873798521400147024e-06 7.937694412245662311e-06 8.992054738846547369e-06 9.992876001532548404e-06 1.089404198266581559e-05 8.458743224945917537e-05 1.403184345129481446e-04 2.188762107972480207e-04 3.173648269229384822e-04 4.251722483608235260e-04 5.246039532851448379e-04 5.951440770753755206e-04 6.202208061378766072e-04 5.934861843740084136e-04 5.213727464351089079e-04 4.205297695393966136e-04 3.115371805990055538e-04 2.121354104785810987e-04 1.329615147710676130e-04 7.691504119188367612e-05 3.190629585420419781e-06 2.510231410849492233e-06 1.937394761593095247e-06 1.466862723870769429e-06 1.089501451864489851e-06 0.000000000000000000e+00 0.000000000000000000e+00 0.000000000000000000e+00 0.000000000000000000e+00 0.000000000000000000e+00 0.000000000000000000e+00 0.000000000000000000e+00 0.000000000000000000e+00 0.000000000000000000e+00 0.000000000000000000e+00 0.000000000000000000e+00 0.000000000000000000e+00 0.000000000000000000e+00 0.000000000000000000e+00 0.000000000000000000e+00 0.000000000000000000e+00 0.000000000000000000e+00 0.000000000000000000e+00 0.000000000000000000e+00 0.000000000000000000e+00 0.000000000000000000e+00 0.000000000000000000e+00 0.000000000000000000e+00 0.000000000000000000e+00 0.000000000000000000e+00 0.000000000000000000e+00 0.000000000000000000e+00 0.000000000000000000e+00 0.000000000000000000e+00 0.000000000000000000e+00 0.000000000000000000e+00 2.999243217200986497e-06 3.876080461519993733e-06 4.940299544574859226e-06 7.870117294123650390e-06 9.900396834600909163e-06 1.228330711767244852e-05 1.502908295727295778e-05 1.813286698590601233e-05 2.157144656953480696e-05 2.530071879154394672e-05 2.925429596891196754e-05 3.334362603653780448e-05 3.745990681116253851e-05 4.147792253675299299e-05 4.526173661345715341e-05 4.867195673505862432e-05 5.157407579056542436e-05 5.384721524523649857e-05 5.539248705466455849e-05 5.614016808081106390e-05 5.605495817429446043e-05 5.513876543936039324e-05 5.343071041527056443e-05 5.100433304131609790e-05 4.796228272388060847e-05 4.442903192725821846e-05 4.054234259170913068e-05
0.000000000000000000e+00 0.000000000000000000e+00 0.000000000000000000e+00 0.000000000000000000e+00 0.000000000000000000e+00 0.000000000000000000e+00 0.000000000000000000e+00 0.000000000000000000e+00 0.000000000000000000e+00 1.466862723870769429e-06 1.974927382610955490e-06 2.608433565958089111e-06 3.379678731554943848e-06 4.295740585313675314e-06 5.356334183327596643e-06 6.551854928475630054e-06 7.861906420724722294e-06 9.254617150977398135e-06 1.068700553530667059e-05 1.210655560380112825e-05 1.345402274207710199e-05 1.466731785378406327e-05 1.062631109286816682e-04 1.755329190374532353e-04 2.731278057704940180e-04 3.954493364276745926e-04 5.293181516186252914e-04 6.527608925914171788e-04 7.403018688117731340e-04 7.713645200253897976e-04 7.380697460370386209e-04 6.484105203424197399e-04 5.230676972315690277e-04 3.876032182367803000e-04 2.640522522688558416e-04 1.656278461131303024e-04 9.593329959519778947e-05 4.295740585313675314e-06 3.379678731554943848e-06 2.608433565958089111e-06 1.974927382610955490e-06 1.466862723870769429e-06 0.000000000000000000e+00 0.000000000000000000e+00 0.000000000000000000e+00 0.000000000000000000e+00 0.000000000000000000e+00 0.000000000000000000e+00 0.000000000000000000e+00 0.000000000000000000e+00 0.000000000000000000e+00 0.000000000000000000e+00 0.000000000000000000e+00 0.000000000000000000e+00 0.000000000000000000e+00 0.000000000000000000e+00 0.000000000000000000e+00 0.000000000000000000e+00 0.000000000000000000e+00 0.000000000000000000e+00 0.000000000000000000e+00 0.000000000000000000e+00 0.000000000000000000e+00 0.000000000000000000e+00 0.000000000000000000e+00 0.000000000000000000e+00 0.000000000000000000e+00 0.000000000000000000e+00 0.000000000000000000e+00 0.000000000000000000e+00 0.000000000000000000e+00 0.000000000000000000e+00 0.000000000000000000e+00 3.616510948449371228e-06 4.673808161260025033e-06 5.957051861985464253e-06 9.652515525057091508e-06 1.215372060202951251e-05 1.509259441064946079e-05 1.848270235080557697e-05 2.231897524943618258e-05 2.657359220461885760e-05 3.119275118019173448e-05 3.609484679702149750e-05 4.117053004787302520e-05 4.628500779472145349e-05 5.128275280127757426e-05 5.599455162565823035e-05 6.024654375215995563e-05 6.387063605710073034e-05 6.671545182882107595e-05 6.865683095054376671e-05 6.960686649267700476e-05 6.952055688628702842e-05 6.839936734894558096e-05 6.629130532258159536e-05 6.328748221413109886e-05 5.951550770529297001e-05 5.513039180661092085e-05 5.030386937227748534e-05
0.000000000000000000e+00 0.000000000000000000e+00 0.000000000000000000e+00 0.000000000000000000e+00 0.000000000000000000e+00 0.000000000000000000e+00 0.000000000000000000e+00 0.000000000000000000e+00 0.000000000000000000e+00 1.937394761593095247e-06 2.608433565958089111e-06 3.445152327080344496e-06 4.463793212430831326e-06 5.673704274922172852e-06 7.074509167931622416e-06 8.653522385278692073e-06 1.038380488356393467e-05 1.222326158888256040e-05 1.411512352470390298e-05 1.599002894139003671e-05 1.776972906781080109e-05 1.937221821381942359e-05 1.238658785101087831e-04 2.028898201439031370e-04 3.141172179712986589e-04 4.534453006749738710e-04 6.058638721575366169e-04 7.463516126151242347e-04 8.459020099826229568e-04 8.810903919990307380e-04 8.429538793221127545e-04 7.406057522363516336e-04 5.976084318971798190e-04 4.430823484814881566e-04 3.021304590698019299e-04 1.898074532090190947e-04 1.102225279497193590e-04 5.673704274922172852e-06 4.463793212430831326e-06 3.445152327080344496e-06 2.608433565958089111e-06 1.937394761593095247e-06 0.000000000000000000e+00 0.000000000000000000e+00 0.000000000000000000e+00 0.000000000000000000e+00 0.000000000000000000e+00 0.000000000000000000e+00 0.000000000000000000e+00 0.000000000000000000e+00 0.000000000000000000e+00 0.000000000000000000e+00 0.000000000000000000e+00 0.000000000000000000e+00 0.000000000000000000e+00 0.000000000000000000e+00 0.000000000000000000e+00 0.000000000000000000e+00 0.000000000000000000e+00 0.000000000000000000e+00 0.000000000000000000e+00 0.000000000000000000e+00 0.000000000000000000e+00 0.000000000000000000e+00 0.000000000000000000e+00 0.000000000000000000e+00 0.000000000000000000e+00 0.000000000000000000e+00 0.000000000000000000e+00 0.000000000000000000e+00 0.000000000000000000e+00 0.000000000000000000e+00 0.000000000000000000e+00 4.300780551381230725e-06 5.558125919528209627e-06 7.084168458713319067e-06 1.167896850701234351e-05 1.471872131593655133e-05 1.829428711844545842e-05 2.242330409305509062e-05 2.710071326921582754e-05 3.229363784381523154e-05 3.793733032201862521e-05 4.393283239470743444e-05 5.014694082834780906e-05 5.641493129430091890e-05 6.254626279024047629e-05 6.833318487239801412e-05 7.356183002840830569e-05 7.802503777874688620e-05 8.153587505528711241e-05 8.394063652344541506e-05 8.513006539633468923e-05 8.504764802209171702e-05 8.369409882324959369e-05 8.112753661595152794e-05 7.745930919948463807e-05 7.284588815602704721e-05 6.747766573332636723e-05 6.156578504745793292e-05
0.000000000000000000e+00 0.000000000000000000e+00 0.000000000000000000e+00 0.000000000000000000e+00 0.000000000000000000e+00 0.000000000000000000e+00 0.000000000000000000e+00 0.000000000000000000e+00 0.000000000000000000e+00 2.510231410849492233e-06 3.379678731554943848e-06 4.463793212430831326e-06 5.783619402463326028e-06 7.351269327821143851e-06 9.166255366088602925e-06 1.121214124072152836e-05 1.345402274207710199e-05 1.583735839061144621e-05 1.828859411728608056e-05 2.071785972832105080e-05 2.302377035004724064e-05 2.510007336768753589e-05 1.345583573911754188e-04 2.173369203640445734e-04 3.336483329017192402e-04 4.791992112134471540e-04 6.383117149793245734e-04 7.848598219927488797e-04 8.885617594532352771e-04 9.249697700928136146e-04 8.847419441352584501e-04 7.774150618999268580e-04 6.276153582724968349e-04 4.657722067531744618e-04 3.181174048196824724e-04 2.003864417836230191e-04 1.168810270892400117e-04 7.351269327821143851e-06 5.783619402463326028e-06 4.463793212430831326e-06 8.223132380707108425e-06 9.995921436349333882e-06 1.105110540812276650e-05 1.558392299538579267e-05 2.099157650815866179e-05 2.700912464692715054e-05 3.319503664950833506e-05 3.897023154336104418e-05 4.370086267806023826e-05 4.681060182402346472e-05 4.789560125447723090e-05 4.681060182402346472e-05 4.370086267806023826e-05 3.897023154336104418e-05 3.319503664950833506e-05 2.700912464692715054e-05 2.099157650815866179e-05 1.558392299538579267e-05 1.105110540812276650e-05 7.485690025499841649e-06 4.843453649152164577e-06 0.000000000000000000e+00 0.000000000000000000e+00 0.000000000000000000e+00 0.000000000000000000e+00 0.000000000000000000e+00 0.000000000000000000e+00 0.000000000000000000e+00 0.000000000000000000e+00 0.000000000000000000e+00 0.000000000000000000e+00 0.000000000000000000e+00 0.000000000000000000e+00 5.044105739636654821e-06 6.518764330654253488e-06 8.308560354625119977e-06 1.393908572422656392e-05 1.758304274186742609e-05 2.187393054505902979e-05 2.683425389225446047e-05 3.245924955992650487e-05 3.871060958359098222e-05 4.551147149309092666e-05 5.274346473180443058e-05 6.024654375215995563e-05 6.782216964197463715e-05 7.524012506707147710e-05 8.224888174062260288e-05 8.858902396271973610e-05 9.400881928442345070e-05 9.828067892041613004e-05 1.012170247638817446e-04 1.026840222588984544e-04 1.026117718535018595e-04 1.009998704760555079e-04 9.791772287669194095e-05 9.349954001188563843e-05 8.793453159959651168e-05 8.145330344057891874e-05 7.431183871050717346e-05
0.000000000000000000e+00 0.000000000000000000e+00 0.000000000000000000e+00 0.000000000000000000e+00 0.000000000000000000e+00 0.000000000000000000e+00 0.000000000000000000e+00 0.000000000000000000e+00 0.000000000000000000e+00 3.190629585420419781e-06 4.295740585313675314e-06 5.673704274922172852e-06 7.351269327821143851e-06 9.343830734634271090e-06 1.165076870289969265e-05 1.425119190363898046e-05 1.710073534187170596e-05 2.013007407109566416e-05 2.324571719330521059e-05 2.633343520046280858e-05 2.926436285088407734e-05 3.190344776064502470e-05 1.372675578175058624e-04 2.169500281938542758e-04 3.285879753615144586e-04 4.680555547190164254e-04 6.203346295477523082e-04 7.604118206650755090e-04 8.593036892900200903e-04 8.936216215458562748e-04 8.544485131051860003e-04 7.509491584954243546e-04 6.067390255657810656e-04 4.509891609637012994e-04 3.088473895281096978e-04 1.954051227273793966e-04 1.147987874846874385e-04 9.343830734634271090e-06 7.351269327821143851e-06 5.673704274922172852e-06 1.178143061081351781e-05 1.475996816424149106e-05 1.707978552428446748e-05 2.408537902394037054e-05 3.244305536280840733e-05 4.174334051950222014e-05 5.130383663046376671e-05 6.022955822166729096e-05 6.754087796672883948e-05 7.234706483112014459e-05 7.402396111269034891e-05 7.234706483112014459e-05 6.754087796672883948e-05 6.022955822166729096e-05 5.130383663046376671e-05 4.174334051950222014e-05 3.244305536280840733e-05 2.408537902394037054e-05 1.707978552428446748e-05 1.156933857882107255e-05 7.485690025499841649e-06 0.000000000000000000e+00 0.000000000000000000e+00 0.000000000000000000e+00 0.000000000000000000e+00 0.000000000000000000e+00 0.000000000000000000e+00 0.000000000000000000e+00 0.000000000000000000e+00 0.000000000000000000e+00 0.000000000000000000e+00 0.000000000000000000e+00 0.000000000000000000e+00 5.834457507406557938e-06 7.540177674931033566e-06 9.610413587458793466e-06 1.640926173776441522e-05 2.071753369029199373e-05 2.579602330177796222e-05 3.167291456114240509e-05 3.834408356774516240e-05 4.576551730659693873e-05 5.384721524523649857e-05 6.244952545741644053e-05 9.705716043922984310e-05 1.317597844488360855e-04 1.772968033929202421e-04 2.270201353282040786e-04 2.682311443225307741e-04 2.877709612913053640e-04 2.798433081275800345e-04 2.497457063171649137e-04 2.101739183276135463e-04 1.734312143524778115e-04 1.458634794358336536e-04 1.165387806771603016e-04 1.112910023665865839e-04 1.046713853555178284e-04 9.695532183103352554e-05 8.844878930816599120e-05
0.000000000000000000e+00 0.000000000000000000e+00 0.000000000000000000e+00 0.000000000000000000e+00 0.000000000000000000e+00 0.000000000000000000e+00 0.000000000000000000e+00 0.000000000000000000e+00 0.000000000000000000e+00 3.978377645324189162e-06 5.356334183327596643e-06 7.074509167931622416e-06 9.166255366088602925e-06 1.165076870289969265e-05 1.452727636271548982e-05 1.776972906781080109e-05 2.132280836158017474e-05 2.510007336768753589e-05 2.898495082411382579e-05 3.283500861548920165e-05 3.648956541449225374e-05 3.978022518179393549e-05 1.331204220352064506e-04 2.037099387346470063e-04 3.021275769380933987e-04 4.247286624886730541e-04 5.583179227862247263e-04 6.809379122886110311e-04 7.671591799182978216e-04 7.964774273533997088e-04 7.611052887094537896e-04 6.691389733541079285e-04 5.413656425203761287e-04 4.034486744534904429e-04 2.775131542097112550e-04 1.768457202524654625e-04 1.051042417745856920e-04 1.165076870289969265e-05 9.166255366088602925e-06 7.074509167931622416e-06 1.640743959145036230e-05 2.105816316960865410e-05 2.521484452789553895e-05 3.555718463915168382e-05 4.789560125447723090e-05 6.162558890319239937e-05 7.573972533100004295e-05 8.891674572750794348e-05 9.971042872799651023e-05 1.068057903404320884e-04 1.092813881147179894e-04 1.068057903404320884e-04 9.971042872799651023e-05 8.891674572750794348e-05 7.573972533100004295e-05 6.162558890319239937e-05 4.789560125447723090e-05 3.555718463915168382e-05 2.521484452789553895e-05 1.707978552428446748e-05 1.105110540812276650e-05 0.000000000000000000e+00 0.000000000000000000e+00 0.000000000000000000e+00 0.000000000000000000e+00 0.000000000000000000e+00 0.000000000000000000e+00 0.000000000000000000e+00 0.000000000000000000e+00 0.000000000000000000e+00 0.000000000000000000e+00 0.000000000000000000e+00 0.000000000000000000e+00 6.655737426225529822e-06 8.601561102762454673e-06 1.096321111506188433e-05 1.905137512165975237e-05 2.407452003127495959e-05 3.000176160025277251e-05 3.686775177967593073e-05 4.466939560166945339e-05 5.335682998909040456e-05 6.282611421315272720e-05 7.291476280359712953e-05 1.347498976414484293e-04 1.967062558759876583e-04 2.804890411381335668e-04 3.730492582160453057e-04 4.492443877327514609e-04 4.830037423679365703e-04 4.629579715493391408e-04 3.998859307945644144e-04 3.193101208087205617e-04 2.459052578266152393e-04 1.923630683589923232e-04 1.367511515904780775e-04 1.306051831772561331e-04 1.228416334252834419e-04 1.137847102949492075e-04 1.037949428857516427e-04
0.000000000000000000e+00 0.000000000000000000e+00 0.000000000000000000e+00 0.000000000000000000e+00 0.000000000000000000e+00 0.000000000000000000e+00 0.000000000000000000e+00 0.000000000000000000e+00 0.000000000000000000e+00 4.866341847002033059e-06 6.551854928475630054e-06 8.653522385278692073e-06 1.121214124072152836e-05 1.425119190363898046e-05 1.776972906781080109e-05 2.173588932016271919e-05 2.608200725929502462e-05 3.070234861578752868e-05 3.545432125943572357e-05 4.016370257359186218e-05 4.463394754999235173e-05 4.865907456343381287e-05 1.249757160798407028e-04 1.826913088677467709e-04 2.624863467593909839e-04 3.613953602337210860e-04 4.687823843229664078e-04 5.669768276399435184e-04 6.355323609057570615e-04 6.579858387186445943e-04 6.281272559224682474e-04 5.525443942698542599e-04 4.480463963865867071e-04 3.353657306933929025e-04 2.323780448228705028e-04 1.498310622442282814e-04 9.070639261437027704e-05 1.425119190363898046e-05 1.121214124072152836e-05 8.653522385278692073e-06 2.213577792386142357e-05 2.895172087094240445e-05 3.555718463915168382e-05 5.014162899414259148e-05 6.754087796672883948e-05 8.690247686052860582e-05 1.068057903404320884e-04 1.253876121206199496e-04 1.406085260929527232e-04 1.506141829850984599e-04 1.541051934910395995e-04 1.506141829850984599e-04 1.406085260929527232e-04 1.253876121206199496e-04 1.068057903404320884e-04 8.690247686052860582e-05 6.754087796672883948e-05 5.014162899414259148e-05 3.555718463915168382e-05 2.408537902394037054e-05 1.558392299538579267e-05 0.000000000000000000e+00 0.000000000000000000e+00 0.000000000000000000e+00 0.000000000000000000e+00 0.000000000000000000e+00 0.000000000000000000e+00 0.000000000000000000e+00 0.000000000000000000e+00 0.000000000000000000e+00 0.000000000000000000e+00 0.000000000000000000e+00 0.000000000000000000e+00 7.488093863235889157e-06 9.677259300232136826e-06 1.233425368443503181e-05 2.181236033009133348e-05 2.758718016625837232e-05 3.440815912492040026e-05 4.231713077661716424e-05 5.131244612799617123e-05 6.133839965721467238e-05 7.227660394448261064e-05 8.394063652344541506e-05 1.841119636503794226e-04 2.844343246576685547e-04 4.223003559172696340e-04 5.755336584656902104e-04 7.012297950341235412e-04 7.548870272866545824e-04 7.171900869201007110e-04 6.067653777791751253e-04 4.674752412928417922e-04 3.416786927432613453e-04 2.511359081934316328e-04 1.581900201610448187e-04 1.510937944865646022e-04 1.421177447361146096e-04 1.316380706962131276e-04 1.200734648064107275e-04
0.000000000000000000e+00 0.000000000000000000e+00 0.000000000000000000e+00 0.000000000000000000e+00 0.000000000000000000e+00 0.000000000000000000e+00 0.000000000000000000e+00 0.000000000000000000e+00 0.000000000000000000e+00 5.839372915005622237e-06 7.861906420724722294e-06 1.038380488356393467e-05 1.345402274207710199e-05 1.710073534187170596e-05 2.132280836158017474e-05 2.608200725929502462e-05 3.129713685295973239e-05 3.684132117527648702e-05 4.254345662333624504e-05 4.819448455292129892e-05 5.355856053839983997e-05 5.838851667397787742e-05 1.163017112787477703e-04 1.600998510879587348e-04 2.197573220199011993e-04 2.930430315008949842e-04 3.720890130587038930e-04 4.438613019023109150e-04 4.933034123097776317e-04 5.083233650365409032e-04 4.844176474310055158e-04 4.265430856387241788e-04 3.472068387009416188e-04 2.618087453565580338e-04 1.836288278917624396e-04 1.206691575307457785e-04 7.518019422315587745e-05 1.710073534187170596e-05 1.345402274207710199e-05 1.038380488356393467e-05 2.885348292888338239e-05 4.310376221397961284e-05 5.562005202660294843e-05 7.924895596923381110e-05 1.077665622168193758e-04 1.398336560655666881e-04 1.730987233817327445e-04 2.043896284556799363e-04 2.301698710789450977e-04 2.471836828982369770e-04 2.531316943548368920e-04 2.471836828982369770e-04 2.301698710789450977e-04 2.043896284556799363e-04 1.730987233817327445e-04 1.398336560655666881e-04 1.077665622168193758e-04 7.924895596923381110e-05 5.562005202660294843e-05 3.726438929897399230e-05 2.099157650815866179e-05 0.000000000000000000e+00 0.000000000000000000e+00 0.000000000000000000e+00 0.000000000000000000e+00 0.000000000000000000e+00 0.000000000000000000e+00 0.000000000000000000e+00 0.000000000000000000e+00 0.000000000000000000e+00 0.000000000000000000e+00 0.000000000000000000e+00 0.000000000000000000e+00 8.308560354625119977e-06 1.073759149282221272e-05 1.368571134898944987e-05 2.462487198933720916e-05 3.117031162310590186e-05 3.890891353563675950e-05 4.789027491552570520e-05 5.811461268564127532e-05 6.952055688628702842e-05 8.197513171823703941e-05 9.526745029390124107e-05 2.384982274339735020e-04 3.819129445774088424e-04 5.805913999895422322e-04 8.020740301406990239e-04 9.834407187116651905e-04 1.059419618220777551e-03 1.001743429621418553e-03 8.378877287847015824e-04 6.323896134380487498e-04 4.475426729740674694e-04 3.153287048098991647e-04 1.803651024700688463e-04 1.722885307741564933e-04 1.620592282737804270e-04 1.501073953316173952e-04 1.369121999346145928e-04
0.000000000000000000e+00 0.000000000000000000e+00 0.000000000000000000e+00 0.000000000000000000e+00 0.000000000000000000e+00 0.000000000000000000e+00 0.000000000000000000e+00 0.000000000000000000e+00 0.000000000000000000e+00 6.873798521400147024e-06 9.254617150977398135e-06 1.222326158888256040e-05 1.583735839061144621e-05 2.013007407109566416e-05 2.510007336768753589e-05 3.070234861578752868e-05 3.684132117527648702e-05 4.336763942071331768e-05 5.007988931161772039e-05 5.673197815611570545e-05 6.304628246829798463e-05 6.873184936501876437e-05 1.099744629914764440e-04 1.411656456372291802e-04 1.825178773759105453e-04 2.324666671309273441e-04 2.856658961576982844e-04 3.333084050233275268e-04 3.652527854044346775e-04 3.733952314426241246e-04 3.547929366545359833e-04 3.129223240042468095e-04 2.563759268751932257e-04 1.956993304595160046e-04 1.399893399570642397e-04 9.474993507782031993e-05 6.156840514096728742e-05 2.013007407109566416e-05 1.583735839061144621e-05 1.222326158888256040e-05 3.626374179790454360e-05 5.634158981302807707e-05 7.400123857214000128e-05 1.056604540850814136e-04 1.439559159612247550e-04 1.871042616869150060e-04 2.319417292711569930e-04 2.741778747110958873e-04 3.090133706881200283e-04 3.320200182700244187e-04 3.400660754340741141e-04 3.320200182700244187e-04 3.090133706881200283e-04 2.741778747110958873e-04 2.319417292711569930e-04 1.871042616869150060e-04 1.439559159612247550e-04 1.056604540850814136e-04 7.400123857214000128e-05 4.946779129162793089e-05 2.700912464692715054e-05 0.000000000000000000e+00 0.000000000000000000e+00 0.000000000000000000e+00 0.000000000000000000e+00 0.000000000000000000e+00 0.000000000000000000e+00 0.000000000000000000e+00 0.000000000000000000e+00 0.000000000000000000e+00 0.000000000000000000e+00 0.000000000000000000e+00 0.000000000000000000e+00 9.092005262610959964e-06 1.175007873730625049e-05 1.497618772647178001e-05 2.740918396128246752e-05 3.472267951817175632e-05 4.337727055577710419e-05 5.343071041527056443e-05 6.488547583587016331e-05 7.767489061046496288e-05 9.165167114914492036e-05 1.065806266950531918e-04 2.851591776349465183e-04 4.639569110678742610e-04 7.124276217436102242e-04 9.897373630884413395e-04 1.216675897822777673e-03 1.311067755574618025e-03 1.237354013302827561e-03 1.030197257254640390e-03 7.709412488533754371e-04 5.380872672651130628e-04 3.719290035571027014e-04 2.026707698178814609e-04 1.936107089409422311e-04 1.821216883439132951e-04 1.686884579238498623e-04 1.538513429506203911e-04
0.000000000000000000e+00 0.000000000000000000e+00 0.000000000000000000e+00 0.000000000000000000e+00 0.000000000000000000e+00 0.000000000000000000e+00 0.000000000000000000e+00 0.000000000000000000e+00 0.000000000000000000e+00 7.937694412245662311e-06 1.068700553530667059e-05 1.411512352470390298e-05 1.828859411728608056e-05 2.324571719330521059e-05 2.898495082411382579e-05 3.545432125943572357e-05 4.254345662333624504e-05 5.007988931161772039e-05 5.783103131654449355e-05 6.551270081650798090e-05 7.280430500013170740e-05 7.936985859412281979e-05 1.075273238611274663e-04 1.288230463680583692e-04 1.557019579280977172e-04 1.871250607108639432e-04 2.197495443901305355e-04 2.481300397565493958e-04 2.660370133319003632e-04 2.685441591370243139e-04 2.539582358238720778e-04 2.245886920011626287e-04 1.859262042406100693e-04 1.446670395830684742e-04 1.065910430853690227e-04 7.522331905559938553e-05 5.162919217708138056e-05 2.324571719330521059e-05 1.828859411728608056e-05 1.411512352470390298e-05 4.388204218481500565e-05 7.094960904521440911e-05 9.449770255555285073e-05 1.352375671739115348e-04 1.846375161036155474e-04 2.404180340627486894e-04 2.984896217669111588e-04 3.532749483541037356e-04 3.985129129807524770e-04 4.284129865963537983e-04 4.388739599313293011e-04 4.284129865963537983e-04 3.985129129807524770e-04 3.532749483541037356e-04 2.984896217669111588e-04 2.404180340627486894e-04 1.846375161036155474e-04 1.352375671739115348e-04 9.449770255555285073e-05 6.301191463296873833e-05 3.319503664950833506e-05 0.000000000000000000e+00 0.000000000000000000e+00 0.000000000000000000e+00 0.000000000000000000e+00 0.000000000000000000e+00 0.000000000000000000e+00 0.000000000000000000e+00 0.000000000000000000e+00 0.000000000000000000e+00 0.000000000000000000e+00 0.000000000000000000e+00 0.000000000000000000e+00 9.812348805856600993e-06 1.268101675445119053e-05 1.616272466959938495e-05 3.007635479814385528e-05 3.813099669531407987e-05 4.767095973459275837e-05 5.876230261657502523e-05 7.141009870687596106e-05 8.554290427081842369e-05 1.009998704760555079e-04 1.175224365052787988e-04 3.108259689211456613e-04 5.043852344656622614e-04 7.732010434430203931e-04 1.073154585665108199e-03 1.318676918979368694e-03 1.420996086883605887e-03 1.341689611431755779e-03 1.118180505065386300e-03 8.383134532834338268e-04 5.868672375742734360e-04 4.073589159933571993e-04 2.244074080582701789e-04 2.143916565457188068e-04 2.016759963310360212e-04 1.867985731822036414e-04 1.703596449230238387e-04
0.000000000000000000e+00 0.000000000000000000e+00 0.000000000000000000e+00 0.000000000000000000e+00 0.000000000000000000e+00 0.000000000000000000e+00 0.000000000000000000e+00 0.000000000000000000e+00 0.000000000000000000e+00 8.992054738846547369e-06 1.210655560380112825e-05 1.599002894139003671e-05 2.071785972832105080e-05 2.633343520046280858e-05 3.283500861548920165e-05 4.016370257359186218e-05 4.819448455292129892e-05 5.673197815611570545e-05 6.551270081650798090e-05 7.421472297080474183e-05 8.247486761078940212e-05 8.991252069263641676e-05 1.090515659710701774e-04 1.235272985589739962e-04 1.402971115768936140e-04 1.586870647171857599e-04 1.767654433501733655e-04 1.914600226178766334e-04 1.993060824051344525e-04 1.976272924157878154e-04 1.856228863925771548e-04 1.647916883826749338e-04 1.384493643630674569e-04 1.105893640176913912e-04 8.466281632620105044e-05 6.280794392655943050e-05 4.572851096321267243e-05 2.633343520046280858e-05 2.071785972832105080e-05 1.599002894139003671e-05 5.107678714716217244e-05 8.601047285638452572e-05 1.158148456108168146e-04 1.661575077214026285e-04 2.273595786326941168e-04 2.966244023673042952e-04 3.688745303384139643e-04 4.371441141783147396e-04 4.935843903171651271e-04 5.309188889455524916e-04 5.439862270293805303e-04 5.309188889455524916e-04 4.935843903171651271e-04 4.371441141783147396e-04 3.688745303384139643e-04 2.966244023673042952e-04 2.273595786326941168e-04 1.661575077214026285e-04 1.158148456108168146e-04 7.701841811753797496e-05 3.897023154336104418e-05 0.000000000000000000e+00 0.000000000000000000e+00 0.000000000000000000e+00 0.000000000000000000e+00 0.000000000000000000e+00 0.000000000000000000e+00 0.000000000000000000e+00 0.000000000000000000e+00 0.000000000000000000e+00 0.000000000000000000e+00 0.000000000000000000e+00 0.000000000000000000e+00 1.044397148878559785e-05 1.349729611662932793e-05 1.720312220552491951e-05 3.253255634618617431e-05 4.127541223332417751e-05 5.163905694113352833e-05 6.369771611397661323e-05 7.745930919948463807e-05 9.284833428771784394e-05 1.096915983620838707e-04 1.277089256669314298e-04 3.095329025646033003e-04 4.916492113579275063e-04 7.434112133344674160e-04 1.023872344019570750e-03 1.253703539187421600e-03 1.350611510022593428e-03 1.278928399522140553e-03 1.073224556379959475e-03 8.147751704704684749e-04 5.820420073583510790e-04 4.153115237865796154e-04 2.448137606135033085e-04 2.339036116504652888e-04 2.200373580090057358e-04 2.038035198059607667e-04 1.858589667908607554e-04
0.000000000000000000e+00 0.000000000000000000e+00 0.000000000000000000e+00 0.000000000000000000e+00 0.000000000000000000e+00 0.000000000000000000e+00 0.000000000000000000e+00 0.000000000000000000e+00 0.000000000000000000e+00 9.992876001532548404e-06 1.345402274207710199e-05 1.776972906781080109e-05 2.302377035004724064e-05 2.926436285088407734e-05 3.648956541449225374e-05 4.463394754999235173e-05 5.355856053839983997e-05 6.304628246829798463e-05 7.280430500013170740e-05 8.247486761078940212e-05 9.165437146606493946e-05 9.991983994327831786e-05 1.068605156710644060e-04 1.121114039664366342e-04 1.153849873139262990e-04 1.164972870504303609e-04 1.153849873139262990e-04 1.121114039664366342e-04 1.068605156710644060e-04 9.991983994327831786e-05 9.165437146606493946e-05 8.247486761078940212e-05 7.280430500013170740e-05 6.304628246829798463e-05 5.355856053839983997e-05 4.463394754999235173e-05 3.648956541449225374e-05 2.926436285088407734e-05 2.302377035004724064e-05 1.776972906781080109e-05 5.715488542013734364e-05 1.003095939559122090e-04 1.362005074298130428e-04 1.959171428945643059e-04 2.687100568013297197e-04 3.512866996648342862e-04 4.375945875710609504e-04 5.192797415079790282e-04 5.868940608978858234e-04 6.316569667217843001e-04 6.473307934173051607e-04 6.316569667217843001e-04 5.868940608978858234e-04 5.192797415079790282e-04 4.375945875710609504e-04 3.512866996648342862e-04 2.687100568013297197e-04 1.959171428945643059e-04 1.362005074298130428e-04 9.031671795437967081e-05 4.370086267806023826e-05 0.000000000000000000e+00 0.000000000000000000e+00 0.000000000000000000e+00 0.000000000000000000e+00 0.000000000000000000e+00 0.000000000000000000e+00 0.000000000000000000e+00 0.000000000000000000e+00 0.000000000000000000e+00 0.000000000000000000e+00 0.000000000000000000e+00 0.000000000000000000e+00 1.096321111506188433e-05 1.416833691742664491e-05 1.805840438954596389e-05 3.468431843104652048e-05 4.403619907014551656e-05 5.513039180661092085e-05 6.804883391146866972e-05 8.280242670310325524e-05 9.931246996631205588e-05 1.173951155686586570e-04 1.367511515904780775e-04 2.863539966929530382e-04 4.362843931960157305e-04 6.414249485541428149e-04 8.690949862228706732e-04 1.056141086708314815e-03 1.137060080008364584e-03 1.083370788720678345e-03 9.223676922296723465e-04 7.184532574977293843e-04 5.338434951747526467e-04 4.005060005173072973e-04 2.631086839445120982e-04 2.513996353192049288e-04 2.365028672241841271e-04 2.190523214544950917e-04 1.997559879709330652e-04
0.000000000000000000e+00 0.000000000000000000e+00 0.000000000000000000e+00 0.000000000000000000e+00 0.000000000000000000e+00 0.000000000000000000e+00 0.000000000000000000e+00 0.000000000000000000e+00 0.000000000000000000e+00 1.089404198266581559e-05 1.466731785378406327e-05 1.937221821381942359e-05 2.510007336768753589e-05 3.190344776064502470e-05 3.978022518179393549e-05 4.865907456343381287e-05 5.838851667397787742e-05 6.873184936501876437e-05 7.936985859412281979e-05 8.991252069263641676e-05 9.991983994327831786e-05 1.089306953349947714e-04 1.164972870504303609e-04 1.222217048784210610e-04 1.257905027315955567e-04 1.270031105959305970e-04 1.257905027315955567e-04 1.222217048784210610e-04 1.164972870504303609e-04 1.089306953349947714e-04 9.991983994327831786e-05 8.991252069263641676e-05 7.936985859412281979e-05 6.873184936501876437e-05 5.838851667397787742e-05 4.865907456343381287e-05 3.978022518179393549e-05 3.190344776064502470e-05 2.510007336768753589e-05 1.937221821381942359e-05 6.147791967780752290e-05 1.124722096926858260e-04 1.536381023504520020e-04 2.215986941466695215e-04 3.046662283152915722e-04 3.991223790503427272e-04 4.980448546267915401e-04 5.918210020547247418e-04 6.695388320098854791e-04 7.210329099325093636e-04 7.390711063552856883e-04 7.210329099325093636e-04 6.695388320098854791e-04 5.918210020547247418e-04 4.980448546267915401e-04 3.991223790503427272e-04 3.046662283152915722e-04 2.215986941466695215e-04 1.536381023504520020e-04 1.015781677100199935e-04 4.681060182402346472e-05 0.000000000000000000e+00 0.000000000000000000e+00 0.000000000000000000e+00 0.000000000000000000e+00 0.000000000000000000e+00 0.000000000000000000e+00 0.000000000000000000e+00 0.000000000000000000e+00 0.000000000000000000e+00 0.000000000000000000e+00 0.000000000000000000e+00 0.000000000000000000e+00 1.134982792009148528e-05 1.466798223977867278e-05 1.869523264504009674e-05 3.644430902321298262e-05 4.630115755057142809e-05 5.800289522468868222e-05 7.163838901229562341e-05 8.722152491426102120e-05 1.046713853555178284e-04 1.237955847163405617e-04 1.442792287496419824e-04 2.537186303140627703e-04 3.635179168459953336e-04 5.107829143310325341e-04 6.730156210362769897e-04 8.069722684980356383e-04 8.678146696498189499e-04 8.359164808258860756e-04 7.296407116610291932e-04 5.926538927528404634e-04 4.672022088474221072e-04 3.750251841659950304e-04 2.785394302975878283e-04 2.661597800054790676e-04 2.503949525456758830e-04 2.319174836330595128e-04 2.114788796275577200e-04
0.000000000000000000e+00 0.000000000000000000e+00 0.000000000000000000e+00 0.000000000000000000e+00 0.000000000000000000e+00 0.000000000000000000e+00 0.000000000000000000e+00 0.000000000000000000e+00 0.000000000000000000e+00 1.165076870289969265e-05 1.568614551681146940e-05 2.071785972832105080e-05 2.684358566802402699e-05 3.411953903571813683e-05 4.254345662333624504e-05 5.203905253328120650e-05 6.244432541717206422e-05 7.350613121819669243e-05 8.488308250815991150e-05 9.615806362334671344e-05 1.068605156710644060e-04 1.164972870504303609e-04 1.245894726768570287e-04 1.307115225256455981e-04 1.345282177798863793e-04 1.358250563433107761e-04 1.345282177798863793e-04 1.307115225256455981e-04 1.245894726768570287e-04 1.164972870504303609e-04 1.068605156710644060e-04 9.615806362334671344e-05 8.488308250815991150e-05 7.350613121819669243e-05 6.244432541717206422e-05 5.203905253328120650e-05 4.254345662333624504e-05 3.411953903571813683e-05 2.684358566802402699e-05 2.071785972832105080e-05 6.358174677128870030e-05 1.211669853963755656e-04 1.661449417816768823e-04 2.402942238147022589e-04 3.311712267335466015e-04 4.347502915443969920e-04 5.434415253945771044e-04 6.466423466091312687e-04 7.322736299436792247e-04 7.890565272777683246e-04 8.089553749877849463e-04 7.890565272777683246e-04 7.322736299436792247e-04 6.466423466091312687e-04 5.434415253945771044e-04 4.347502915443969920e-04 3.311712267335466015e-04 2.402942238147022589e-04 1.661449417816768823e-04 1.095162166934758661e-04 4.789560125447723090e-05 0.000000000000000000e+00 0.000000000000000000e+00 0.000000000000000000e+00 0.000000000000000000e+00 0.000000000000000000e+00 0.000000000000000000e+00 0.000000000000000000e+00 0.000000000000000000e+00 0.000000000000000000e+00 0.000000000000000000e+00 0.000000000000000000e+00 0.000000000000000000e+00 1.158831193110345814e-05 1.497618772647178001e-05 1.908805922350290658e-05 3.773716662911882951e-05 4.797311652819391005e-05 6.013310690797606491e-05 7.431183871050717346e-05 9.052604265976305824e-05 1.086936487774441460e-04 1.286162122809851789e-04 1.499671850124649388e-04 2.236372490699386378e-04 2.976951644925657291e-04 3.934798918286105994e-04 4.975317690930896198e-04 5.842749761129202796e-04 6.272092092010546913e-04 6.145679045654171445e-04 5.567935922296254544e-04 4.791587477880699460e-04 4.061940223933223522e-04 3.505647821737112573e-04 2.904324626648068300e-04 2.775396940071616215e-04 2.611071223681622126e-04 2.418373575021439184e-04 2.205159082847095550e-04
0.000000000000000000e+00 0.000000000000000000e+00 0.000000000000000000e+00 0.000000000000000000e+00 0.000000000000000000e+00 0.000000000000000000e+00 0.000000000000000000e+00 0.000000000000000000e+00 0.000000000000000000e+00 1.222326158888256040e-05 1.645692785279857733e-05 2.173588932016271919e-05 2.816261982114309282e-05 3.579609737011386471e-05 4.463394754999235173e-05 5.459613594368120193e-05 6.551270081650798090e-05 7.711805917519640250e-05 8.905404857189470728e-05 1.008830572060064279e-04 1.121114039664366342e-04 1.222217048784210610e-04 1.307115225256455981e-04 1.371343963007722738e-04 1.411386354790868222e-04 1.424991978079348325e-04 1.411386354790868222e-04 1.371343963007722738e-04 1.307115225256455981e-04 1.222217048784210610e-04 1.121114039664366342e-04 1.008830572060064279e-04 8.905404857189470728e-05 7.711805917519640250e-05 6.551270081650798090e-05 5.459613594368120193e-05 4.463394754999235173e-05 3.579609737011386471e-05 2.816261982114309282e-05 2.173588932016271919e-05 6.326752967682203188e-05 1.253402220207853720e-04 1.721248608969533692e-04 2.496193803366793837e-04 3.448466383304608072e-04 4.536312971555430860e-04 5.680030117711411123e-04 6.767638385810986973e-04 7.671125285965133727e-04 8.270696476787378366e-04 8.480889425656862974e-04 8.270696476787378366e-04 7.671125285965133727e-04 6.767638385810986973e-04 5.680030117711411123e-04 4.536312971555430860e-04 3.448466383304608072e-04 2.496193803366793837e-04 1.721248608969533692e-04 1.131169604319028099e-04 4.681060182402346472e-05 0.000000000000000000e+00 0.000000000000000000e+00 0.000000000000000000e+00 0.000000000000000000e+00 0.000000000000000000e+00 0.000000000000000000e+00 0.000000000000000000e+00 0.000000000000000000e+00 0.000000000000000000e+00 0.000000000000000000e+00 0.000000000000000000e+00 0.000000000000000000e+00 1.166891501481312265e-05 1.508035534986207560e-05 1.922082717491759032e-05 3.850484834874739375e-05 4.897684145716428203e-05 6.142496713162023145e-05 7.594838699323167540e-05 9.256639507961460700e-05 1.111968756693225457e-04 1.316380706962131276e-04 1.535563325320684280e-04 2.021568095567910636e-04 2.511673928588050602e-04 3.108944691864871154e-04 3.742044227454590787e-04 4.278863312190553186e-04 4.582734023550963246e-04 4.590997509359497921e-04 4.352652828218626100e-04 3.991701794863057162e-04 3.629474060616183777e-04 3.329117021274083767e-04 2.982420936738091558e-04 2.850171582938493134e-04 2.681477696286280730e-04 2.483567051159473252e-04 2.264523928373386469e-04
