0.000000000000000000e+00 0.000000000000000000e+00 0.000000000000000000e+00 0.000000000000000000e+00 0.000000000000000000e+00 0.000000000000000000e+00 0.000000000000000000e+00 0.000000000000000000e+00 0.000000000000000000e+00 0.000000000000000000e+00 0.000000000000000000e+00 0.000000000000000000e+00 0.000000000000000000e+00 0.000000000000000000e+00 0.000000000000000000e+00 0.000000000000000000e+00 0.000000000000000000e+00 0.000000000000000000e+00 0.000000000000000000e+00 0.000000000000000000e+00 0.000000000000000000e+00 0.000000000000000000e+00 0.000000000000000000e+00 0.000000000000000000e+00 0.000000000000000000e+00 0.000000000000000000e+00 1.758569882561382986e-05 2.564684507016156480e-05 3.619581208263524967e-05 4.943479764253547843e-05 6.533670910504098814e-05 8.356642257868029239e-05 1.034323577945735998e-04 1.238885295268175261e-04 1.436004599668101310e-04 1.610759209792209719e-04 1.800609827034691435e-04 1.902624066100563774e-04 1.949516041326696284e-04 1.938605534806386714e-04 1.873029198762653322e-04 1.761251045786369135e-04 1.615741119317630069e-04 1.451104172652459539e-04 1.282040682629483617e-04 1.121523492571344907e-04 9.794836514594935689e-05 8.621530607677384403e-05 7.720554125974350387e-05 7.085120994397834293e-05 6.684612216399372746e-05 5.306891462429849264e-05 5.652057464685923221e-05 5.951099746199124956e-05 6.194584591848260446e-05 6.374578064662121896e-05 6.485074917986386139e-05 6.522331208181673750e-05 6.485074917986386139e-05 6.374578064662121896e-05 6.194584591848260446e-05 5.951099746199124956e-05 7.175463787812948538e-05 7.327385643121075444e-05 7.560350721283328552e-05 7.896750148002312081e-05 8.354861569774375894e-05 8.946667618314509401e-05 9.675834779940594495e-05 1.053607944404818316e-04 1.151015110330506691e-04 1.256963600537057467e-04 1.367572515171137687e-04 1.478100071696959175e-04 1.583218291123431303e-04 1.677365865199749028e-04 1.755150151204877638e-04 1.811760757545955369e-04 1.843352994192519142e-04 1.806596011293517602e-04 1.791202255080428824e-04 1.745803533784632362e-04 1.672681562175751561e-04 1.575427172732603352e-04 1.458648180283378826e-04 1.327608235702800029e-04 1.187835995521608929e-04 1.044744723152773189e-04 9.032980056467588008e-05 1.252163292326680805e-04 1.390142947580397747e-04 1.632130222650583654e-04 1.984003977533388625e-04 2.437089146164836829e-04 2.964729469255578120e-04 3.522027692569869675e-04 4.049920967658972846e-04 4.370711085515533562e-04 4.681729461936436076e-04 4.790244917876009716e-04
0.000000000000000000e+00 0.000000000000000000e+00 0.000000000000000000e+00 0.000000000000000000e+00 0.000000000000000000e+00 0.000000000000000000e+00 0.000000000000000000e+00 0.000000000000000000e+00 0.000000000000000000e+00 0.000000000000000000e+00 0.000000000000000000e+00 0.000000000000000000e+00 0.000000000000000000e+00 0.000000000000000000e+00 0.000000000000000000e+00 0.000000000000000000e+00 0.000000000000000000e+00 0.000000000000000000e+00 0.000000000000000000e+00 0.000000000000000000e+00 0.000000000000000000e+00 0.000000000000000000e+00 0.000000000000000000e+00 0.000000000000000000e+00 0.000000000000000000e+00 0.000000000000000000e+00 2.038376312836368085e-05 2.972752007663064818e-05 4.195493548749818760e-05 5.730037887242516299e-05 7.573244687007604423e-05 9.686269395490483363e-05 1.198895023734808857e-04 1.436004599668101310e-04 1.664487598766413218e-04 1.867047452297570208e-04 2.085474122545352043e-04 2.203288043421464581e-04 2.257124584679242522e-04 2.243869138461553536e-04 2.167151094401711193e-04 2.036777141465266183e-04 1.867200413123877838e-04 1.675352095537245393e-04 1.478278598941678667e-04 1.291028511544812856e-04 1.125129553043144098e-04 9.878265744742627003e-05 8.820706963218439515e-05 8.071050362767067277e-05 7.594130408239146578e-05 5.985288387337343337e-05 6.374578064662121896e-05 6.711847878362874086e-05 6.986458171313756011e-05 7.189460785981147627e-05 7.314082805805957458e-05 7.356101686847670408e-05 7.314082805805957458e-05 7.189460785981147627e-05 6.986458171313756011e-05 6.711847878362874086e-05 7.964580730110029205e-05 8.094109313212651880e-05 8.305222371897919107e-05 8.622208974534561088e-05 9.065062581837263623e-05 9.647164410490395321e-05 1.037313995571787791e-04 1.123712703030474539e-04 1.222169629635217445e-04 1.329763670009596606e-04 1.442475555474067325e-04 1.555374872197458564e-04 1.662907900303187613e-04 1.759267470042141237e-04 1.838814346560916605e-04 1.896510809684704443e-04 1.928322743221173895e-04 1.885572108856695540e-04 1.869505408175143246e-04 1.822122062857215331e-04 1.745803533784632362e-04 1.644297628174563170e-04 1.522413593400797813e-04 1.385645183029762860e-04 1.239762741116602976e-04 1.090416174140452794e-04 9.427860544283477701e-05 1.320196531851830632e-04 1.471460483524130738e-04 1.733812749924781556e-04 2.113510572500986535e-04 2.601245573460022275e-04 3.168468988348542245e-04 3.767108939113509095e-04 4.333931148324273288e-04 4.681729461936436076e-04 5.014879804661875190e-04 5.131117185080682694e-04
0.000000000000000000e+00 0.000000000000000000e+00 0.000000000000000000e+00 0.000000000000000000e+00 0.000000000000000000e+00 0.000000000000000000e+00 0.000000000000000000e+00 0.000000000000000000e+00 0.000000000000000000e+00 0.000000000000000000e+00 0.000000000000000000e+00 0.000000000000000000e+00 0.000000000000000000e+00 0.000000000000000000e+00 0.000000000000000000e+00 0.000000000000000000e+00 0.000000000000000000e+00 0.000000000000000000e+00 0.000000000000000000e+00 0.000000000000000000e+00 0.000000000000000000e+00 0.000000000000000000e+00 0.000000000000000000e+00 0.000000000000000000e+00 0.000000000000000000e+00 0.000000000000000000e+00 2.286436561332973180e-05 3.334521126101048941e-05 4.706064224887934348e-05 6.427354969104838889e-05 8.494870859346031631e-05 1.086504015441232133e-04 1.344794579001507776e-04 1.610759209792209719e-04 1.867047452297570208e-04 2.094257831487777424e-04 2.338871296785426763e-04 2.470918106670464136e-04 2.531181339577171906e-04 2.516165434348929223e-04 2.429939926296745788e-04 2.283503953480003435e-04 2.093069276666654132e-04 1.877628168451722949e-04 1.656303180799422120e-04 1.445977054740289378e-04 1.259584377705685637e-04 1.105256838357345964e-04 9.863109561899034412e-05 9.019049255469774144e-05 8.481021153181233965e-05 6.673509047610268804e-05 7.107561346454288359e-05 7.483612257882314950e-05 7.789798719749676647e-05 8.016143667227480340e-05 8.155095397371648616e-05 8.201945835421649484e-05 8.155095397371648616e-05 8.016143667227480340e-05 7.789798719749676647e-05 7.483612257882314950e-05 8.738911211899984786e-05 8.837168775002386711e-05 9.015551374092007817e-05 9.300076228611237636e-05 9.712350494154139069e-05 1.026714697895611550e-04 1.097016437243777563e-04 1.181621853386338831e-04 1.278811321760653309e-04 1.385640843524708736e-04 1.498023956727409772e-04 1.610924293993468040e-04 1.718652272592722412e-04 1.815246433535905811e-04 1.894907951517931812e-04 1.952447773332336052e-04 1.983701401644987004e-04 1.934605439925478202e-04 1.918120932971759736e-04 1.869505408175143246e-04 1.791202255080428824e-04 1.687056740700248190e-04 1.562003174408176391e-04 1.421678172001242029e-04 1.272002132358325847e-04 1.118771884865195777e-04 9.673027199627391010e-05 1.353061199015262841e-04 1.507458750505439953e-04 1.775553917180863566e-04 2.163753268184036261e-04 2.662534390743726042e-04 3.242686335901249248e-04 3.855020815332203029e-04 4.434834494498602459e-04 4.790244917876009716e-04 5.131117185080682694e-04 5.250048773363467230e-04
0.000000000000000000e+00 0.000000000000000000e+00 0.000000000000000000e+00 0.000000000000000000e+00 0.000000000000000000e+00 0.000000000000000000e+00 0.000000000000000000e+00 0.000000000000000000e+00 0.000000000000000000e+00 0.000000000000000000e+00 0.000000000000000000e+00 0.000000000000000000e+00 0.000000000000000000e+00 0.000000000000000000e+00 0.000000000000000000e+00 0.000000000000000000e+00 0.000000000000000000e+00 0.000000000000000000e+00 0.000000000000000000e+00 0.000000000000000000e+00 0.000000000000000000e+00 0.000000000000000000e+00 0.000000000000000000e+00 0.000000000000000000e+00 0.000000000000000000e+00 0.000000000000000000e+00 2.481898449077844885e-05 3.619581208263524967e-05 5.108374183012874358e-05 6.976813876783954525e-05 9.221076660284001825e-05 1.179386595037805880e-04 1.459757789215160566e-04 1.748459087922600845e-04 2.026656787499321393e-04 2.273290828112199495e-04 2.539917214996780513e-04 2.683544001311741786e-04 2.749307739349242299e-04 2.733419402856315534e-04 2.640300700564542948e-04 2.481893784560561581e-04 2.275797009179426347e-04 2.042624448748102796e-04 1.803128710690686184e-04 1.575627944513606341e-04 1.374151314766568167e-04 1.207511223188795766e-04 1.079290231238159888e-04 9.885545135645370564e-05 9.310089411332272730e-05 7.356101686847670408e-05 7.834550554591392471e-05 8.249065425877418324e-05 8.586569838108484745e-05 8.836066233194239856e-05 8.989230490440574563e-05 9.040872974763358336e-05 8.989230490440574563e-05 8.836066233194239856e-05 8.586569838108484745e-05 8.249065425877418324e-05 9.479920390174855177e-05 9.538356104078460861e-05 9.673401391360450703e-05 9.912584378090293340e-05 1.027898199619342693e-04 1.078871921331604750e-04 1.144866240253049279e-04 1.225455785761269496e-04 1.318986729596304886e-04 1.422552073723000899e-04 1.532074056850056207e-04 1.642499160852803526e-04 1.748098954126403278e-04 1.842856897442568152e-04 1.920909132480159867e-04 1.976998143929269754e-04 2.006893735751515693e-04 1.951231616241558265e-04 1.934605439925478202e-04 1.885572108856695540e-04 1.806596011293517602e-04 1.701555460825419919e-04 1.575427172732603352e-04 1.433896204404441440e-04 1.282933835169951795e-04 1.128386712897499084e-04 9.756158081207791323e-05 1.348099837102589784e-04 1.494774163809607897e-04 1.752961180446957869e-04 2.128971042446592421e-04 2.613516556587811186e-04 3.178043203609629995e-04 3.774452288249057082e-04 4.339467865337829234e-04 4.681729461936436076e-04 5.014879804661875190e-04 5.131117185080682694e-04
0.000000000000000000e+00 0.000000000000000000e+00 0.000000000000000000e+00 0.000000000000000000e+00 0.000000000000000000e+00 0.000000000000000000e+00 0.000000000000000000e+00 0.000000000000000000e+00 0.000000000000000000e+00 0.000000000000000000e+00 0.000000000000000000e+00 0.000000000000000000e+00 0.000000000000000000e+00 0.000000000000000000e+00 0.000000000000000000e+00 0.000000000000000000e+00 0.000000000000000000e+00 0.000000000000000000e+00 0.000000000000000000e+00 0.000000000000000000e+00 0.000000000000000000e+00 0.000000000000000000e+00 0.000000000000000000e+00 0.000000000000000000e+00 0.000000000000000000e+00 0.000000000000000000e+00 2.607107377554065053e-05 3.802184926311588046e-05 5.366085798066374038e-05 7.328786130126843006e-05 9.686269395490483363e-05 1.238885295268175261e-04 1.533400894431796886e-04 1.836666842339241038e-04 2.128899296593975740e-04 2.387975741513271330e-04 2.670892484247343736e-04 2.822516774766916270e-04 2.892497183512759192e-04 2.876867353546543353e-04 2.780283093075791578e-04 2.615296045049620745e-04 2.400394158314472619e-04 2.157226820257320118e-04 1.907581507325912498e-04 1.670680248561604584e-04 1.461231172932847414e-04 1.288454022552962014e-04 1.156067038991463448e-04 1.063037588856601657e-04 1.004797239965679633e-04 8.016143667227480340e-05 8.537522384451212806e-05 8.989230490440574563e-05 9.357018208982402713e-05 9.628901202530281756e-05 9.795808450830836400e-05 9.852084667675981553e-05 9.795808450830836400e-05 9.628901202530281756e-05 9.357018208982402713e-05 8.989230490440574563e-05 1.016887224989691059e-04 1.017980339461959825e-04 1.026183180434648000e-04 1.044373906149693824e-04 1.074988974899129877e-04 1.119768765989027188e-04 1.179523378856494031e-04 1.253943767380710772e-04 1.341483332856854848e-04 1.439331862783274857e-04 1.543496994078822726e-04 1.648998475537591716e-04 1.750168301244800397e-04 1.841036751380890663e-04 1.915772365920481301e-04 1.969134840076158907e-04 1.996895450979935900e-04 1.934605439925478202e-04 1.918120932971759736e-04 1.869505408175143246e-04 1.791202255080428824e-04 1.687056740700248190e-04 1.562003174408176391e-04 1.421678172001242029e-04 1.272002132358325847e-04 1.118771884865195777e-04 9.673027199627391010e-05 1.306563428793686057e-04 1.435595175468116667e-04 1.669461901610265573e-04 2.014145628041337749e-04 2.461012590027025120e-04 2.983395308735419080e-04 3.536344247239958508e-04 4.060715321890839076e-04 4.370711085515533562e-04 4.681729461936436076e-04 4.790244917876009716e-04
0.000000000000000000e+00 0.000000000000000000e+00 0.000000000000000000e+00 0.000000000000000000e+00 0.000000000000000000e+00 0.000000000000000000e+00 0.000000000000000000e+00 0.000000000000000000e+00 0.000000000000000000e+00 0.000000000000000000e+00 0.000000000000000000e+00 0.000000000000000000e+00 0.000000000000000000e+00 0.000000000000000000e+00 0.000000000000000000e+00 0.000000000000000000e+00 0.000000000000000000e+00 0.000000000000000000e+00 0.000000000000000000e+00 0.000000000000000000e+00 0.000000000000000000e+00 0.000000000000000000e+00 0.000000000000000000e+00 0.000000000000000000e+00 0.000000000000000000e+00 0.000000000000000000e+00 2.650231971808770273e-05 3.865077495923499199e-05 5.454847110611412119e-05 7.450012793425130877e-05 9.846491579324810422e-05 1.259377901804652059e-04 1.558765132196415857e-04 1.867047452297570208e-04 2.164113771902958280e-04 2.427475643139668919e-04 2.719859462746447749e-04 2.875259195649063266e-04 2.947912862939761330e-04 2.933811802987092328e-04 2.837707432520064654e-04 2.672370854410439727e-04 2.456598827068028480e-04 2.212391015085170059e-04 1.961874924074192932e-04 1.724556395179037362e-04 1.515338304175466036e-04 1.343530118076247354e-04 1.212835615822168025e-04 1.122117918277116893e-04 1.066637563903624994e-04 8.635899065868587814e-05 9.197587349406235893e-05 9.684218549207075134e-05 1.008044119027306932e-04 1.037334438506046577e-04 1.055315580181168111e-04 1.061378292485969853e-04 1.055315580181168111e-04 1.037334438506046577e-04 1.008044119027306932e-04 9.684218549207075134e-05 1.078759001485414320e-04 1.074471999174389568e-04 1.076561194372262231e-04 1.088001230627822836e-04 1.111335821497891167e-04 1.148422494032762795e-04 1.200198057472389129e-04 1.266489624409095050e-04 1.345895846306124574e-04 1.435759736928052916e-04 1.532247796281673447e-04 1.630540394300533668e-04 1.725126407758262163e-04 1.810182358488948511e-04 1.880004584626181186e-04 1.929454185833571339e-04 1.954370252758991233e-04 1.885572108856695540e-04 1.869505408175143246e-04 1.822122062857215331e-04 1.745803533784632362e-04 1.644297628174563170e-04 1.522413593400797813e-04 1.385645183029762860e-04 1.239762741116602976e-04 1.090416174140452794e-04 9.427860544283477701e-05 1.233287722370378749e-04 1.337140542550348189e-04 1.535516557982879418e-04 1.833879488425952851e-04 2.224581924829415630e-04 2.683829093299382315e-04 3.171471750264404890e-04 3.634666393464300793e-04 3.897580335346269840e-04 4.174930881779482421e-04 4.271699507954032681e-04
1.356604713801018039e-05 1.409713581529974558e-05 1.442571743364295712e-05 1.453693784453448219e-05 1.442571743364295712e-05 1.409713581529974558e-05 1.356604713801018039e-05 1.285596658231281216e-05 1.199734431869439457e-05 1.102540334952409455e-05 9.977754753855598227e-06 8.892014020940601485e-06 7.803625653127074330e-06 6.744064136406386789e-06 5.739524724165069956e-06 4.810155823512101366e-06 3.969824749780078781e-06 3.226357585815436416e-06 2.582156970149695711e-06 2.035081258031344236e-06 1.579464411858457777e-06 1.207165764688121059e-06 0.000000000000000000e+00 0.000000000000000000e+00 0.000000000000000000e+00 9.367365567400229436e-07 2.726810166844243367e-05 3.953238223663534231e-05 5.554318591756323884e-05 7.560418635359236425e-05 9.967746360155101636e-05 1.272662628024557522e-04 1.573427336160581865e-04 1.883505857380779382e-04 2.183025512089690372e-04 2.449741347842854201e-04 3.309347274979974039e-04 4.125803339935270732e-04 5.104703430602877071e-04 5.933065845214383462e-04 6.193091645249354125e-04 5.694679117256953079e-04 4.658591114613049207e-04 3.528566368511035613e-04 2.635067408498839299e-04 1.850141165684609395e-04 1.648928454829712655e-04 1.483281694133247385e-04 1.356814751233465541e-04 1.268411215176970693e-04 1.213438775815339115e-04 1.012120937347063228e-04 1.064694390181222572e-04 1.108862776109888388e-04 1.143210915592915531e-04 1.166569406829654577e-04 1.178080670714832222e-04 1.177250507978722989e-04 1.163980896947902432e-04 1.138581133256453968e-04 1.101756103198852011e-04 1.054572317925459219e-04 1.150744756764781224e-04 1.136913482744940894e-04 1.129153356118673025e-04 1.130453787088602776e-04 1.136144999851783816e-04 1.164319483955279745e-04 1.206672664053568152e-04 1.263182886987771977e-04 1.332626497552183106e-04 1.412549807495156709e-04 1.499344597319523002e-04 1.588431698313251745e-04 1.674545656930093488e-04 1.752101226628090529e-04 1.815611195568022349e-04 1.860116654971274628e-04 1.881586801611163224e-04 1.806596011293517602e-04 1.791202255080428824e-04 1.745803533784632362e-04 1.672681562175751561e-04 1.575427172732603352e-04 1.458648180283378826e-04 1.327608235702800029e-04 1.187835995521608929e-04 1.044744723152773189e-04 9.032980056467588008e-05 1.135708482148563292e-04 1.210158854798915512e-04 1.366420157935381325e-04 1.609307959832108142e-04 1.932372835309883129e-04 2.315328708625691561e-04 2.723894382767095179e-04 3.112930289989577245e-04 3.319978274500747124e-04 3.556226846525977901e-04 3.638654842592991103e-04
1.774991413015858860e-05 1.844479439420961502e-05 1.887471295862321602e-05 1.902023454812987809e-05 1.887471295862321602e-05 1.844479439420961502e-05 1.774991413015858860e-05 1.682083959865343745e-05 1.569741202285152522e-05 1.442571743364295712e-05 1.305496643871278665e-05 1.163437541608101163e-05 1.021032020881102381e-05 8.823982261870104909e-06 7.509635634127316194e-06 6.293642647075841200e-06 5.194147396329195481e-06 4.221389585250223439e-06 3.378512843459736481e-06 2.662715027485139731e-06 2.066582652774210989e-06 1.579464411858457777e-06 0.000000000000000000e+00 0.000000000000000000e+00 0.000000000000000000e+00 1.197027892901782717e-06 2.634863097043703759e-05 3.812607741651233566e-05 5.348911293243568320e-05 7.272810192579331166e-05 9.580767734032059055e-05 1.222549647836689967e-04 1.510906393225776442e-04 1.808313277531567041e-04 2.095823074668751076e-04 2.352219266493857537e-04 3.862887733979372576e-04 5.443851078262682995e-04 7.477518255480043643e-04 9.288650142660064175e-04 9.963667203506903873e-04 9.074238877845117873e-04 7.077777547175164927e-04 4.912449681140544731e-04 3.270028078118761045e-04 1.849038589432360782e-04 1.664295113638685148e-04 1.513195595734196297e-04 1.399061603385578860e-04 1.320705825091959633e-04 1.273591135895876716e-04 1.086448776935060615e-04 1.140173145000295647e-04 1.184955246496798437e-04 1.219354476877028583e-04 1.242185828780670428e-04 1.252587566055091194e-04 1.250074138848791187e-04 1.234569882896277657e-04 1.206420443197896473e-04 1.166380600311990638e-04 1.115579078461524773e-04 1.198945899829769027e-04 1.178026207434578100e-04 1.162333746028415137e-04 1.154877354606341261e-04 1.149016791305586233e-04 1.167413252211830859e-04 1.199280209543690664e-04 1.244756545069405646e-04 1.302821379150877808e-04 1.371265465341090948e-04 1.446761961519772786e-04 1.525040634848589735e-04 1.601158594481739592e-04 1.669849051351298644e-04 1.725919008726762498e-04 1.764658893206191793e-04 1.782223404393973917e-04 1.701555460825419919e-04 1.687056740700248190e-04 1.644297628174563170e-04 1.575427172732603352e-04 1.483827425798730159e-04 1.373838290945390177e-04 1.250417375647510526e-04 1.118771884865195777e-04 9.840003397197370533e-05 8.507777304127102304e-05 1.022499927215753026e-04 1.066886139716769448e-04 1.179334793980849202e-04 1.363950733293520419e-04 1.615561116538313726e-04 1.917639887951894041e-04 2.242199569056257578e-04 2.552365387054348006e-04 2.701298630511044614e-04 2.893522160699027912e-04 2.960589657676874239e-04
2.287010540202572323e-05 2.376543282525154114e-05 2.431936693503524552e-05 2.450686610071475287e-05 2.431936693503524552e-05 2.376543282525154114e-05 2.287010540202572323e-05 2.167302735950390804e-05 2.022553263464337844e-05 1.858700136733036875e-05 1.682083959865343745e-05 1.499046080456346622e-05 1.315561853717289350e-05 1.136937355948614382e-05 9.675886723952588698e-06 8.109124903131159049e-06 6.692466090631436278e-06 5.439103764093740966e-06 4.353088373579158724e-06 3.430809461251116210e-06 2.662715027485139731e-06 2.035081258031344236e-06 0.000000000000000000e+00 0.000000000000000000e+00 0.000000000000000000e+00 1.510532973519454018e-06 2.479463094720682118e-05 3.578101869018800993e-05 5.009598702666689490e-05 6.800873579406661569e-05 8.948766069640549600e-05 1.140971597088325055e-04 1.409339150908040905e-04 1.686289385441213664e-04 1.954328590894991054e-04 2.193857857043468541e-04 4.593321754592839964e-04 7.221427071330822857e-04 1.070130704388414650e-03 1.386050726781495228e-03 1.510487669022007526e-03 1.367897209670998308e-03 1.036488307207781472e-03 6.779266439818156008e-04 4.109663929002751624e-04 1.816261765392341307e-04 1.654543035312670341e-04 1.523511028464820144e-04 1.426079768879434206e-04 1.361003646938458973e-04 1.323948737759323389e-04 1.156982634598153001e-04 1.210858112040470475e-04 1.255309341838767388e-04 1.288898852973938028e-04 1.310451231926687294e-04 1.319121224042561172e-04 1.314447094018656034e-04 1.296384657351673454e-04 1.265318788018088964e-04 1.222050964331459328e-04 1.167763353967367183e-04 1.236809248258720882e-04 1.208597724290610102e-04 1.184727167578246285e-04 1.168190965627564421e-04 1.149936728424650137e-04 1.158091203813845638e-04 1.178844401617423797e-04 1.212498634670397757e-04 1.258252266734544839e-04 1.314170823306385011e-04 1.377252145127394131e-04 1.443589094701209607e-04 1.508623078024697711e-04 1.567470853756067260e-04 1.615297278467924848e-04 1.647699350591556682e-04 1.661063511777126540e-04 1.575427172732603352e-04 1.562003174408176391e-04 1.522413593400797813e-04 1.458648180283378826e-04 1.373838290945390177e-04 1.272002132358325847e-04 1.157729827916667624e-04 1.035842597014672705e-04 9.110610314286078008e-05 7.877135863663016762e-05 9.021959984658945765e-05 9.190101969753681436e-05 9.903577716104515634e-05 1.119632886445104592e-04 1.302896813027046134e-04 1.527283276789967621e-04 1.770937000219347803e-04 2.005038256634814476e-04 2.099457780102773606e-04 2.248854511516966480e-04 2.300979580819474527e-04
2.901810521758998028e-05 3.015411683251936664e-05 3.085696091647763132e-05 3.109486408405185277e-05 3.085696091647763132e-05 3.015411683251936664e-05 2.901810521758998028e-05 2.749922561555334834e-05 2.566261168266832887e-05 2.358360627882842187e-05 2.134266041811487885e-05 1.902023454812987809e-05 1.669214532261606792e-05 1.442571743364295712e-05 1.227698316616715228e-05 1.028904045369185161e-05 8.491551821439990180e-06 6.901257451217597916e-06 5.523296645357788119e-06 4.353088373579158724e-06 3.378512843459736481e-06 2.582156970149695711e-06 0.000000000000000000e+00 0.000000000000000000e+00 0.000000000000000000e+00 1.882327936899492528e-06 2.278913423067062386e-05 3.276286485441820637e-05 4.573738471138990062e-05 6.195492483367518789e-05 8.138859373836709334e-05 1.036500896878690551e-04 1.279326270854036854e-04 1.530125391597450665e-04 1.773251676364488987e-04 1.991162525524051185e-04 5.209600685309084865e-04 8.805948634021550613e-04 1.362630666097956397e-03 1.803719749205641171e-03 1.981318223973928955e-03 1.789512005746619156e-03 1.336571247785856443e-03 8.470269217507530538e-04 4.855527717075828077e-04 1.760132256015836216e-04 1.626061795001080906e-04 1.518908070557809127e-04 1.441098409153094846e-04 1.391347226961684119e-04 1.365614953441427609e-04 1.222931928699287575e-04 1.275835455658637407e-04 1.318896965547334860e-04 1.350714165667055904e-04 1.370149480418138082e-04 1.376397229009635652e-04 1.369036404861773734e-04 1.348064398530788286e-04 1.313908364521299455e-04 1.267412675053906533e-04 1.209802850011512567e-04 1.263541132734331308e-04 1.228054615680166100e-04 1.196029026548066517e-04 1.170408095520608627e-04 1.139245732784811393e-04 1.137116469142052789e-04 1.146590436354806737e-04 1.168129679664549748e-04 1.201159029662574545e-04 1.244037222035480038e-04 1.294115798044975297e-04 1.347888715803636519e-04 1.401226170168475655e-04 1.449676239449541849e-04 1.488809021700682222e-04 1.514571316455040379e-04 1.523616864468387976e-04 1.433896204404441440e-04 1.421678172001242029e-04 1.385645183029762860e-04 1.327608235702800029e-04 1.250417375647510526e-04 1.157729827916667624e-04 1.053723354978134839e-04 9.427860544283477701e-05 8.292144362854688994e-05 7.169481022022207201e-05 7.821069464271345210e-05 7.761138491357215223e-05 8.123140948435459557e-05 8.934404828954337476e-05 1.016654222827611506e-04 1.172380363048134355e-04 1.344285824021996764e-04 1.510807411684431036e-04 1.558615112327033645e-04 1.669525655764122248e-04 1.708222752469732428e-04
3.625758812382900401e-05 3.767701371792424249e-05 3.855520445850992278e-05 3.885246008559447336e-05 3.855520445850992278e-05 3.767701371792424249e-05 3.625758812382900401e-05 3.435977603005566675e-05 3.206496074071469584e-05 2.946728177186357038e-05 2.666726118415480655e-05 2.376543282525154114e-05 2.085652820790126133e-05 1.802466829511365092e-05 1.533986439515157654e-05 1.285596658231281216e-05 1.061003763565137881e-05 8.622994104076629445e-06 6.901257451217597916e-06 5.439103764093740966e-06 4.221389585250223439e-06 3.226357585815436416e-06 0.000000000000000000e+00 0.000000000000000000e+00 0.000000000000000000e+00 2.316325052323937574e-06 2.054566198356758949e-05 2.938203117317979160e-05 4.085035804388526779e-05 5.516251447969587704e-05 7.229695999109352284e-05 9.191874762688526915e-05 1.133299377560547327e-04 1.354706956317113615e-04 1.569845761345966683e-04 1.763490754519247527e-04 5.310375513985840642e-04 9.301591981405757338e-04 1.467686954921453056e-03 1.961191116032059544e-03 2.161930630415268006e-03 1.951315669163825170e-03 1.449942965972282919e-03 9.082424953927435056e-04 5.097632472124543832e-04 1.690516254339944214e-04 1.586478840895397908e-04 1.505042858282566330e-04 1.448111376078180777e-04 1.414382654141450315e-04 1.400181270084595764e-04 1.283705175721663514e-04 1.334419858095070902e-04 1.374945741749946542e-04 1.403950412322218198e-04 1.420364696138597962e-04 1.423447449660923995e-04 1.412836644646215582e-04 1.388582087597869952e-04 1.351156401893610192e-04 1.301442594305665537e-04 1.240698447257265497e-04 1.278682901201223462e-04 1.236150562615830268e-04 1.196252923485184615e-04 1.161851416188766867e-04 1.117594657199054014e-04 1.105553174225722639e-04 1.104038007512942718e-04 1.113660900007098917e-04 1.134071150968774975e-04 1.163927031426232478e-04 1.200948059176469004e-04 1.242050473795214835e-04 1.283559701698420595e-04 1.321484699222660127e-04 1.351831033848897433e-04 1.370923678463057782e-04 1.375707828795828564e-04 1.282933835169951795e-04 1.272002132358325847e-04 1.239762741116602976e-04 1.187835995521608929e-04 1.118771884865195777e-04 1.035842597014672705e-04 9.427860544283477701e-05 8.435283703501242304e-05 7.419137128993650795e-05 6.414669175849757620e-05 6.677072012820667204e-05 6.448562456195867292e-05 6.536459938143599695e-05 6.962288217614970819e-05 7.706775015494513243e-05 8.701787764278691981e-05 9.830416018507936581e-05 1.093805889053456581e-04 1.105268545161516098e-04 1.183919094625753026e-04 1.211360560732114091e-04
4.461262177947020229e-05 4.635913334988139058e-05 4.743969036945416053e-05 4.780544423089830330e-05 4.743969036945416053e-05 4.635913334988139058e-05 4.461262177947020229e-05 4.227748650078434853e-05 3.945386441628527882e-05 3.625758812382900401e-05 3.281234353040596194e-05 2.924183104616241802e-05 2.566261168266832887e-05 2.217819085494626770e-05 1.887471295862321602e-05 1.581843703413057469e-05 1.305496643871278665e-05 1.061003763565137881e-05 8.491551821439990180e-06 6.692466090631436278e-06 5.194147396329195481e-06 3.969824749780078781e-06 0.000000000000000000e+00 0.000000000000000000e+00 0.000000000000000000e+00 2.814769646646184850e-06 1.827890187859560546e-05 2.595105268829216784e-05 3.587539477038090638e-05 4.823249535286778898e-05 6.300648217301814619e-05 7.991778119433013122e-05 9.838127637613715087e-05 1.175068632538834522e-04 1.361537153337797549e-04 1.530392069194748774e-04 4.714347860835510756e-04 8.290537136861466988e-04 1.310941772101565771e-03 1.753825634162066265e-03 1.935044912597902759e-03 1.748394295029237488e-03 1.301721141740185602e-03 8.190630596239754360e-04 4.645962633331006137e-04 1.617428717176251510e-04 1.543565417498345518e-04 1.487718248024393086e-04 1.451269969010893809e-04 1.432931161165191625e-04 1.429437585179116517e-04 1.338914513273379930e-04 1.386166455778015734e-04 1.422958115292873656e-04 1.448063265719264385e-04 1.460513103125665106e-04 1.459657113200266056e-04 1.445211296229433409e-04 1.417289155060732228e-04 1.376412037197330103e-04 1.323497029038692271e-04 1.259822458100350474e-04 1.282123811207645304e-04 1.232966408703634303e-04 1.185714557700750285e-04 1.143117086530328719e-04 1.085889371039074910e-04 1.064684135801459853e-04 1.052888686335522384e-04 1.051248766812023697e-04 1.059627565816244983e-04 1.076977700946847669e-04 1.101386752198422461e-04 1.130198108273787461e-04 1.160201253108712483e-04 1.187877724654028404e-04 1.209681901211025207e-04 1.222330621663098808e-04 1.223073363089376684e-04 1.128386712897499084e-04 1.118771884865195777e-04 1.090416174140452794e-04 1.044744723152773189e-04 9.840003397197370533e-05 9.110610314286078008e-05 8.292144362854688994e-05 7.419137128993650795e-05 6.525399461782791129e-05 5.641933564487494742e-05 5.625074887774074911e-05 5.288991823849272352e-05 5.183996970219755733e-05 5.326760067440369361e-05 5.705063471303012450e-05 6.272528883513376859e-05 6.948905324021521323e-05 7.627824809084939517e-05 7.486760299954218492e-05 8.019515722947264671e-05 8.205396050327448643e-05
5.405620549535578370e-05 5.617241800617508058e-05 5.748170694660568038e-05 5.792488345375380003e-05 5.748170694660568038e-05 5.617241800617508058e-05 5.405620549535578370e-05 5.122676962162317943e-05 4.780544423089830330e-05 4.393258132364681834e-05 3.975804859511883587e-05 3.543173131374307693e-05 3.109486408405185277e-05 2.687286231005348388e-05 2.287010540202572323e-05 1.916687809022245729e-05 1.581843703413057469e-05 1.285596658231281216e-05 1.028904045369185161e-05 8.109124903131159049e-06 6.293642647075841200e-06 4.810155823512101366e-06 0.000000000000000000e+00 0.000000000000000000e+00 0.000000000000000000e+00 3.377733275638214735e-06 1.617837148582021396e-05 2.274630236891372274e-05 3.120252552446962777e-05 4.169753630921547294e-05 5.422115626095151312e-05 6.854759257077561695e-05 8.420108078979088881e-05 1.004558776304308800e-04 1.163798055535482964e-04 1.309221643239869579e-04 3.642801808450433967e-04 6.232600557616452394e-04 9.710212374121354956e-04 1.292070549627037006e-03 1.424103723691757910e-03 1.292203153275472624e-03 9.737740343331117163e-04 6.295365784688411719e-04 3.772836369801360222e-04 1.621691563890363360e-04 1.590545173068290180e-04 1.573717084984421332e-04 1.571638293967779140e-04 1.582486981963093006e-04 1.602785407115249786e-04 1.549370801642709571e-04 1.603056294873851412e-04 1.643364162904472974e-04 1.668747756947475179e-04 1.678074472639118754e-04 1.670708737936462557e-04 1.646565816856979038e-04 1.606130711119742890e-04 1.550440010415047340e-04 1.481028336413854954e-04 1.399844506311006924e-04 1.391413739579504770e-04 1.320488643358884320e-04 1.251308667732791986e-04 1.186954534037330437e-04 1.104031507848287621e-04 1.063085909016094890e-04 1.032019284195963868e-04 1.011694167172378582e-04 1.002091945657457056e-04 1.002309192368771765e-04 9.988866064113205358e-05 1.016212521569087921e-04 1.035430691050049431e-04 1.053490544770174580e-04 1.067293043974047441e-04 1.073946991774802576e-04 1.071008416400241953e-04 9.756158081207791323e-05 9.673027199627391010e-05 9.427860544283477701e-05 9.032980056467588008e-05 8.507777304127102304e-05 7.877135863663016762e-05 7.169481022022207201e-05 6.414669175849757620e-05 5.641933564487494742e-05 4.878079040603895661e-05 4.682958546940739936e-05 4.293885512919081365e-05 4.070201571224426771e-05 4.024671105175591418e-05 4.150181097719127270e-05 4.416508288225518518e-05 4.770725253898264819e-05 5.142450831148420015e-05 4.844146147064045397e-05 5.188854008171208163e-05 5.309123849279813912e-05
6.450039028228618033e-05 6.702547563774696466e-05 6.858773193887247974e-05 6.911653445863958354e-05 6.858773193887247974e-05 6.702547563774696466e-05 6.450039028228618033e-05 6.112427987161127123e-05 5.704192113107018751e-05 5.242078343303158583e-05 4.743969036945416053e-05 4.227748650078434853e-05 3.710269433114945852e-05 3.206496074071469584e-05 2.728883225727739392e-05 2.287010540202572323e-05 1.887471295862321602e-05 1.533986439515157654e-05 1.227698316616715228e-05 9.675886723952588698e-06 7.509635634127316194e-06 5.739524724165069956e-06 0.000000000000000000e+00 0.000000000000000000e+00 0.000000000000000000e+00 4.002644172878496145e-06 1.438925967730190941e-05 1.998016826504679530e-05 2.713218205965687771e-05 3.596865373702177662e-05 4.648488930281889598e-05 5.850445585641228426e-05 7.165163662197067092e-05 8.535086455466258943e-05 9.886039885348687161e-05 1.113409468893363907e-04 2.532604732670973844e-04 4.060906243350305162e-04 6.092805016962947722e-04 7.976709861482313233e-04 8.759952906668983918e-04 8.022228542120694644e-04 6.209548982855306537e-04 4.246687136380768082e-04 2.811810275606719828e-04 1.591218924056558522e-04 1.590029633340447977e-04 1.599048794725536947e-04 1.618132170723902996e-04 1.645335706310823082e-04 1.677400992937111283e-04 1.648773789370998929e-04 1.700327858775350324e-04 1.737443163101950322e-04 1.758591188542865994e-04 1.762700728955629765e-04 1.749243446417169875e-04 1.718285817132674627e-04 1.670501515538029222e-04 1.607142557212133899e-04 1.529971955635197635e-04 1.441164591938794951e-04 1.413109151542945360e-04 1.331398798231972079e-04 1.251148274842922776e-04 1.175437934858592490e-04 1.076029838708369920e-04 1.024261566127026359e-04 9.818371359562003164e-05 9.497101085409165560e-05 9.280070030151536451e-05 9.160328272062194846e-05 8.965378306868539236e-05 9.035278900763122126e-05 9.130052534812121664e-05 9.223684836505332673e-05 9.289494636181586606e-05 9.302372644599875371e-05 9.240875065544271248e-05 8.292144362854688994e-05 8.221488140872814493e-05 8.013111310347100186e-05 7.677486776202763327e-05 7.231096198485023510e-05 6.695089112294041350e-05 6.093625292508103976e-05 5.452080870702263968e-05 4.795302332429399341e-05 4.146072181427344497e-05 3.523910619430558629e-05 2.944286520815213282e-05 2.418256799906847752e-05 1.952503968010220828e-05 1.549703426395754397e-05 1.209128399953424215e-05 9.273921411242065188e-06 6.992324280407474453e-06 0.000000000000000000e+00 0.000000000000000000e+00 0.000000000000000000e+00
7.578933618937587372e-05 7.875636541314234742e-05 8.059204993383726069e-05 8.121340418879634758e-05 8.059204993383726069e-05 7.875636541314234742e-05 7.578933618937587372e-05 7.182233434942941362e-05 6.702547563774696466e-05 6.159554014369411775e-05 5.574264940715984519e-05 4.967694960645400044e-05 4.359645828325161925e-05 3.767701371792424249e-05 3.206496074071469584e-05 2.687286231005348388e-05 2.217819085494626770e-05 1.802466829511365092e-05 1.442571743364295712e-05 1.136937355948614382e-05 8.823982261870104909e-06 6.744064136406386789e-06 0.000000000000000000e+00 0.000000000000000000e+00 0.000000000000000000e+00 4.683901504153818335e-06 1.300257758056212517e-05 1.778678659142234319e-05 2.385516486556765080e-05 3.130795692097929496e-05 4.014557923485050290e-05 5.023466631276106344e-05 6.128639991643684880e-05 7.285539881664255873e-05 8.436475042389149131e-05 9.515779503308181896e-05 1.702012774325663736e-04 2.456600165735023118e-04 3.435971155785895697e-04 4.358120135826466118e-04 4.753856740404949579e-04 4.444368158854585709e-04 3.636395832810517871e-04 2.757215394214986102e-04 2.120568302549750040e-04 1.583473751066997775e-04 1.609144557826148406e-04 1.641312753119619804e-04 1.679303925107385382e-04 1.721035483296645804e-04 1.763406988449249448e-04 1.756192497754116848e-04 1.805400000097155927e-04 1.838948299744264374e-04 1.855320723317941713e-04 1.853511388674297840e-04 1.833114285046965903e-04 1.794373108561282020e-04 1.738185634487044503e-04 1.666061557751536510e-04 1.580037971122058159e-04 1.482561172370268202e-04 1.434768699462804519e-04 1.341715748738294073e-04 1.250050362430790674e-04 1.162872889823894976e-04 1.046674064686453013e-04 9.845509488520988320e-05 9.314321210380467956e-05 8.883367337990850942e-05 8.555018723098050846e-05 8.323994934879035601e-05 7.969400638270253943e-05 7.949918966731363951e-05 7.960068880989696173e-05 7.978027977344552513e-05 7.981160157695219189e-05 7.947946684201631390e-05 7.859794828416451023e-05 6.928225915148814300e-05 6.869191454726950887e-05 6.695089112294041350e-05 6.414669175849757620e-05 6.041702349237781683e-05 5.593859424325978884e-05 5.091326298885944798e-05 4.555305157143039682e-05 4.006555655173548060e-05 3.464112957574405795e-05 2.944286520815213282e-05 2.460000849299342633e-05 2.020494180691227197e-05 1.631349865445697782e-05 1.294803246268340881e-05 1.010247090345613598e-05 7.748517131978771986e-06 5.842204400547323490e-06 0.000000000000000000e+00 0.000000000000000000e+00 0.000000000000000000e+00
